69 1747 1
195 497 1
195 3058 1
195 4536 1
262 399 1
262 3591 1
262 4587 1
271 1222 1
311 1883 1
311 4377 1
383 2085 1
383 3904 1
399 3591 1
399 4587 1
434 1798 1
444 1754 1
497 3058 1
497 4536 1
533 1188 1
533 1848 1
571 786 1
571 851 1
571 1415 1
571 2085 1
571 2609 1
618 851 1
618 3790 1
631 1383 1
675 1115 1
682 950 1
739 1195 1
739 4188 1
775 912 1
775 1935 1
775 3158 1
775 3265 1
786 851 1
786 1415 1
786 1659 1
786 2085 1
851 1415 1
851 2085 1
851 3790 1
870 1829 1
870 4300 1
891 2611 1
891 4344 1
912 3158 1
912 3265 1
914 1070 1
914 1479 1
914 2645 1
914 3058 1
950 3116 1
1063 4235 1
1070 1479 1
1070 2645 1
1070 3058 1
1091 1561 1
1091 2615 1
1091 3512 1
1105 1713 1
1118 3683 1
1184 4250 1
1188 1848 1
1195 4188 1
1203 2308 1
1203 4406 1
1306 4339 1
1415 2085 1
1479 2645 1
1479 3058 1
1480 2916 1
1500 2206 1
1500 4022 1
1520 2750 1
1532 3771 1
1561 2615 1
1561 3512 1
1829 4300 1
1883 4377 1
1908 4603 1
1909 1929 1
1909 2635 1
1929 2635 1
1935 2666 1
1935 3158 1
1935 3265 1
2085 3088 1
2085 3904 1
2115 2733 1
2115 3222 1
2206 4022 1
2308 4406 1
2498 4602 1
2611 4344 1
2615 3512 1
2645 3058 1
2709 4022 1
2709 4076 1
2733 3222 1
2772 3269 1
3027 3906 1
3058 3807 1
3058 4536 1
3088 3557 1
3158 3265 1
3322 4268 1
3591 4587 1
4022 4076 1
4235 4503 1
