5 68 1
59 93 1
59 107 1
68 89 1
75 78 1
75 115 1
75 167 1
78 115 1
78 167 1
85 103 1
93 107 1
96 112 1
96 162 1
96 203 1
96 223 1
96 280 1
96 292 1
96 320 1
96 325 1
96 328 1
96 353 1
96 363 1
96 370 1
96 386 1
96 404 1
96 405 1
96 406 1
96 417 1
96 421 1
96 428 1
96 431 1
96 435 1
96 438 1
96 441 1
96 451 1
96 452 1
96 455 1
96 471 1
103 240 1
112 203 1
112 223 1
112 274 1
112 325 1
112 363 1
112 370 1
112 404 1
112 405 1
112 406 1
112 410 1
112 416 1
112 417 1
112 419 1
112 421 1
112 423 1
112 428 1
112 431 1
112 435 1
112 438 1
112 441 1
112 451 1
112 452 1
112 455 1
112 471 1
115 167 1
162 203 1
162 223 1
162 274 1
162 325 1
162 363 1
162 370 1
162 404 1
162 405 1
162 406 1
162 410 1
162 416 1
162 417 1
162 419 1
162 421 1
162 423 1
162 428 1
162 431 1
162 435 1
162 438 1
162 441 1
162 451 1
162 452 1
162 455 1
162 471 1
203 223 1
203 274 1
203 280 1
203 292 1
203 320 1
203 325 1
203 328 1
203 353 1
203 363 1
203 370 1
203 386 1
203 404 1
203 405 1
203 406 1
203 410 1
203 414 1
203 416 1
203 417 1
203 419 1
203 421 1
203 423 1
203 428 1
203 431 1
203 435 1
203 438 1
203 441 1
203 451 1
203 452 1
203 455 1
203 471 1
223 274 1
223 280 1
223 292 1
223 320 1
223 325 1
223 328 1
223 353 1
223 363 1
223 370 1
223 386 1
223 404 1
223 405 1
223 406 1
223 410 1
223 414 1
223 416 1
223 417 1
223 419 1
223 421 1
223 423 1
223 428 1
223 431 1
223 435 1
223 438 1
223 441 1
223 451 1
223 452 1
223 455 1
223 471 1
274 280 1
274 292 1
274 320 1
274 325 1
274 328 1
274 353 1
274 363 1
274 370 1
274 386 1
274 404 1
274 405 1
274 406 1
274 417 1
274 421 1
274 428 1
274 431 1
274 435 1
274 438 1
274 441 1
274 451 1
274 452 1
274 455 1
274 471 1
280 325 1
280 363 1
280 370 1
280 404 1
280 405 1
280 406 1
280 410 1
280 416 1
280 417 1
280 419 1
280 421 1
280 423 1
280 428 1
280 431 1
280 435 1
280 438 1
280 441 1
280 451 1
280 452 1
280 455 1
280 471 1
292 325 1
292 363 1
292 370 1
292 404 1
292 405 1
292 406 1
292 410 1
292 416 1
292 417 1
292 419 1
292 421 1
292 423 1
292 428 1
292 431 1
292 435 1
292 438 1
292 441 1
292 451 1
292 452 1
292 455 1
292 471 1
320 325 1
320 363 1
320 370 1
320 404 1
320 405 1
320 406 1
320 410 1
320 416 1
320 417 1
320 419 1
320 421 1
320 423 1
320 428 1
320 431 1
320 435 1
320 438 1
320 441 1
320 451 1
320 452 1
320 455 1
320 471 1
325 328 1
325 353 1
325 363 1
325 386 1
325 414 1
325 416 1
325 419 1
325 423 1
325 428 1
325 431 1
325 435 1
325 438 1
325 441 1
325 451 1
325 452 1
325 455 1
325 471 1
328 363 1
328 370 1
328 404 1
328 405 1
328 406 1
328 410 1
328 416 1
328 417 1
328 419 1
328 421 1
328 423 1
328 428 1
328 431 1
328 435 1
328 438 1
328 441 1
328 451 1
328 452 1
328 455 1
328 471 1
353 363 1
353 370 1
353 404 1
353 405 1
353 406 1
353 410 1
353 416 1
353 417 1
353 419 1
353 421 1
353 423 1
353 428 1
353 431 1
353 435 1
353 438 1
353 441 1
353 451 1
353 452 1
353 455 1
353 471 1
363 370 1
363 386 1
363 404 1
363 405 1
363 406 1
363 410 1
363 414 1
363 416 1
363 417 1
363 419 1
363 421 1
363 423 1
363 428 1
363 431 1
363 435 1
363 438 1
363 441 1
363 451 1
363 452 1
363 455 1
363 471 1
370 386 1
370 414 1
370 416 1
370 419 1
370 423 1
370 428 1
370 431 1
370 435 1
370 438 1
370 441 1
370 451 1
370 452 1
370 455 1
370 471 1
386 404 1
386 405 1
386 406 1
386 410 1
386 416 1
386 417 1
386 419 1
386 421 1
386 423 1
386 428 1
386 431 1
386 435 1
386 438 1
386 441 1
386 451 1
386 452 1
386 455 1
386 471 1
404 414 1
404 416 1
404 419 1
404 423 1
404 428 1
404 431 1
404 435 1
404 438 1
404 441 1
404 451 1
404 452 1
404 455 1
404 471 1
405 414 1
405 416 1
405 419 1
405 423 1
405 428 1
405 431 1
405 435 1
405 438 1
405 441 1
405 451 1
405 452 1
405 455 1
405 471 1
406 414 1
406 416 1
406 419 1
406 423 1
406 428 1
406 431 1
406 435 1
406 438 1
406 441 1
406 451 1
406 452 1
406 455 1
406 471 1
410 414 1
410 428 1
410 431 1
410 435 1
410 438 1
410 441 1
410 451 1
410 452 1
410 455 1
410 471 1
414 417 1
414 421 1
414 428 1
414 431 1
414 435 1
414 438 1
414 441 1
414 451 1
414 452 1
414 455 1
414 471 1
416 417 1
416 421 1
416 428 1
416 431 1
416 435 1
416 438 1
416 441 1
416 451 1
416 452 1
416 455 1
416 471 1
417 419 1
417 423 1
417 428 1
417 431 1
417 435 1
417 438 1
417 441 1
417 451 1
417 452 1
417 455 1
417 471 1
419 421 1
419 428 1
419 431 1
419 435 1
419 438 1
419 441 1
419 451 1
419 452 1
419 455 1
419 471 1
421 423 1
421 428 1
421 431 1
421 435 1
421 438 1
421 441 1
421 451 1
421 452 1
421 455 1
421 471 1
423 428 1
423 431 1
423 435 1
423 438 1
423 441 1
423 451 1
423 452 1
423 455 1
423 471 1
428 431 1
428 435 1
428 438 1
428 441 1
428 451 1
428 452 1
428 455 1
428 471 1
431 435 1
431 438 1
431 441 1
431 451 1
431 452 1
431 455 1
431 471 1
435 438 1
435 441 1
435 451 1
435 452 1
435 455 1
435 471 1
438 451 1
438 452 1
438 455 1
438 471 1
441 451 1
441 452 1
441 455 1
441 471 1
451 452 1
451 455 1
451 471 1
452 455 1
452 471 1
455 471 1
