3 290 1
3 377 1
3 578 1
3 580 1
3 758 1
3 931 1
3 1145 1
3 1815 1
3 2039 1
3 2777 1
3 3412 1
3 3830 1
3 4124 1
3 4218 1
3 4477 1
3 4541 1
3 4566 1
5 17 1
5 1746 1
5 1897 1
5 2005 1
5 2789 1
5 3326 1
5 3436 1
5 3660 1
13 302 1
13 368 1
13 475 1
13 530 1
13 596 1
13 680 1
13 807 1
13 1052 1
13 1154 1
13 1243 1
13 1268 1
13 1343 1
13 1579 1
13 1694 1
13 1738 1
13 1874 1
13 1983 1
13 1993 1
13 2100 1
13 2359 1
13 2403 1
13 2467 1
13 2487 1
13 2509 1
13 2722 1
13 2868 1
13 2931 1
13 3045 1
13 3063 1
13 3132 1
13 3228 1
13 3238 1
13 3262 1
13 3594 1
13 3833 1
13 3835 1
13 3882 1
13 3909 1
13 4051 1
13 4166 1
15 411 1
15 733 1
15 3267 1
15 3276 1
15 3292 1
16 193 1
16 315 1
16 953 1
16 1071 1
16 1143 1
16 1293 1
16 2387 1
16 2892 1
16 3435 1
16 3836 1
16 4556 1
17 1746 1
17 1897 1
17 2005 1
17 2789 1
17 3326 1
17 3436 1
17 3660 1
18 362 1
18 424 1
18 2087 1
18 2869 1
18 3650 1
18 3703 1
18 4343 1
25 957 1
25 986 1
26 38 1
26 2515 1
26 3195 1
26 4550 1
29 30 1
29 236 1
29 419 1
29 500 1
29 543 1
29 1142 1
29 1269 1
29 1891 1
29 2315 1
29 2448 1
29 3793 1
30 419 1
30 500 1
30 543 1
30 1142 1
30 1269 1
30 1891 1
30 2315 1
30 2448 1
30 3793 1
32 2513 1
32 3915 1
32 4033 1
32 4475 1
35 2622 1
35 4304 1
38 2515 1
38 3195 1
38 4550 1
40 481 1
40 1311 1
40 3545 1
40 4041 1
41 1971 1
41 2429 1
42 1171 1
45 4295 1
48 321 1
48 796 1
48 4235 1
51 108 1
51 378 1
51 536 1
51 559 1
51 562 1
51 883 1
51 994 1
51 1295 1
51 1624 1
51 1955 1
51 3112 1
51 3787 1
51 3971 1
51 4027 1
51 4132 1
51 4373 1
51 4391 1
51 4447 1
51 4571 1
53 261 1
53 1339 1
53 2409 1
53 3304 1
53 4087 1
53 4388 1
57 236 1
57 682 1
57 992 1
57 2709 1
57 3665 1
60 2243 1
68 1924 1
72 381 1
72 631 1
72 792 1
72 1275 1
72 1419 1
72 1494 1
72 1498 1
72 1612 1
72 1702 1
72 2341 1
72 2347 1
72 4435 1
75 128 1
75 501 1
75 811 1
75 1833 1
75 1851 1
75 2026 1
75 2157 1
75 2425 1
75 3560 1
75 3652 1
75 3797 1
75 4257 1
75 4337 1
77 2145 1
78 1276 1
79 103 1
79 693 1
79 4021 1
79 4222 1
79 4438 1
81 633 1
81 723 1
81 899 1
81 1309 1
81 1629 1
81 1682 1
81 3322 1
81 4441 1
83 865 1
83 2063 1
83 3125 1
83 3402 1
85 289 1
85 2787 1
85 3372 1
87 607 1
87 2326 1
89 383 1
89 618 1
89 1459 1
89 1922 1
89 2085 1
89 2151 1
89 3088 1
89 3626 1
89 4031 1
97 295 1
97 2813 1
97 3818 1
102 1315 1
102 3625 1
103 693 1
103 4021 1
103 4222 1
103 4438 1
104 1901 1
107 1440 1
108 378 1
108 536 1
108 559 1
108 562 1
108 883 1
108 994 1
108 1295 1
108 1624 1
108 1955 1
108 3112 1
108 3787 1
108 3971 1
108 4027 1
108 4132 1
108 4373 1
108 4391 1
108 4447 1
108 4571 1
109 855 1
109 1023 1
109 2082 1
109 4184 1
110 753 1
110 1644 1
114 505 1
114 683 1
114 1406 1
115 557 1
115 901 1
115 1148 1
115 2891 1
115 2933 1
115 2995 1
115 3405 1
115 3561 1
115 4217 1
115 4366 1
119 3174 1
120 1056 1
120 4220 1
121 1203 1
124 2577 1
124 3605 1
126 1174 1
128 501 1
128 811 1
128 1833 1
128 1851 1
128 2026 1
128 2157 1
128 2425 1
128 3560 1
128 3652 1
128 3797 1
128 4257 1
128 4337 1
131 2133 1
131 2475 1
131 3824 1
131 4050 1
132 484 1
132 699 1
132 2398 1
132 4440 1
133 446 1
133 539 1
133 591 1
133 1368 1
133 2593 1
133 2631 1
133 3079 1
133 3172 1
133 3301 1
133 3324 1
133 4555 1
136 393 1
136 764 1
136 2433 1
136 2834 1
138 183 1
138 2216 1
138 2436 1
138 2544 1
138 2682 1
138 3867 1
139 714 1
139 2746 1
139 3921 1
140 323 1
140 863 1
140 1061 1
140 1519 1
140 1663 1
140 3616 1
141 540 1
141 1384 1
141 2432 1
141 3296 1
141 4355 1
142 249 1
142 766 1
142 780 1
142 821 1
142 827 1
142 1004 1
142 1303 1
142 1412 1
142 1518 1
142 1638 1
142 1945 1
142 2078 1
142 2283 1
142 2337 1
142 2955 1
142 3018 1
142 3080 1
142 3755 1
142 3845 1
142 3866 1
142 3912 1
142 3943 1
142 3959 1
142 4244 1
142 4472 1
142 4487 1
145 4036 1
147 4442 1
154 269 1
154 909 1
158 735 1
158 1976 1
159 365 1
159 526 1
159 1220 1
159 1476 1
159 1584 1
159 1842 1
159 1937 1
159 2184 1
159 2344 1
159 2491 1
159 2653 1
159 2759 1
159 2802 1
159 2932 1
159 3011 1
159 3131 1
159 3232 1
159 3364 1
159 3586 1
159 3662 1
159 3950 1
159 4025 1
159 4083 1
159 4230 1
164 1176 1
164 1512 1
164 2017 1
164 2820 1
166 204 1
166 219 1
166 436 1
166 768 1
166 815 1
166 833 1
166 900 1
166 1167 1
166 1484 1
166 1732 1
166 1749 1
166 1785 1
166 2225 1
166 2248 1
166 2269 1
166 2316 1
166 2338 1
166 2354 1
166 2383 1
166 2667 1
166 2767 1
166 2769 1
166 2811 1
166 2828 1
166 2920 1
166 3089 1
166 3379 1
166 3440 1
166 3488 1
166 3707 1
166 3973 1
166 4004 1
166 4012 1
166 4392 1
166 4397 1
166 4598 1
172 311 1
172 914 1
172 1034 1
172 1118 1
172 2556 1
172 3721 1
172 4076 1
173 1208 1
173 2099 1
174 270 1
174 1772 1
174 3700 1
174 4267 1
174 4470 1
175 1085 1
175 2177 1
175 4498 1
180 358 1
180 937 1
180 1103 1
180 2002 1
180 2898 1
180 3566 1
180 4129 1
182 492 1
182 820 1
182 910 1
182 1099 1
182 1210 1
182 1414 1
182 1674 1
182 2101 1
182 2221 1
182 2586 1
182 3117 1
182 3229 1
182 3466 1
182 4316 1
183 553 1
183 2436 1
183 2544 1
183 2682 1
183 3867 1
185 361 1
185 1117 1
185 1731 1
185 2894 1
185 3546 1
185 4383 1
191 4403 1
192 2319 1
192 3984 1
192 4106 1
192 4437 1
193 315 1
193 953 1
193 1071 1
193 1143 1
193 1293 1
193 2387 1
193 2892 1
193 3435 1
193 3836 1
193 4556 1
195 781 1
195 790 1
195 947 1
195 975 1
195 1063 1
195 1091 1
195 1184 1
195 1265 1
195 1747 1
195 1807 1
195 2069 1
195 2084 1
195 2129 1
195 2485 1
195 2615 1
195 2639 1
195 2903 1
195 3501 1
195 3512 1
195 3521 1
195 3559 1
195 3807 1
195 3896 1
195 4022 1
195 4250 1
195 4401 1
196 3572 1
196 3682 1
196 4479 1
197 244 1
197 257 1
197 339 1
197 373 1
197 541 1
197 550 1
197 625 1
197 969 1
197 1037 1
197 1053 1
197 1065 1
197 1083 1
197 1216 1
197 1329 1
197 1362 1
197 1739 1
197 1761 1
197 1826 1
197 1885 1
197 1932 1
197 1996 1
197 2062 1
197 2114 1
197 2551 1
197 2862 1
197 2864 1
197 2967 1
197 2970 1
197 3008 1
197 3074 1
197 3332 1
197 3414 1
197 3524 1
197 3589 1
197 3640 1
197 3643 1
197 3839 1
197 3842 1
197 3893 1
197 3929 1
197 4133 1
197 4606 1
200 528 1
200 972 1
200 2406 1
200 2810 1
200 3368 1
200 3827 1
200 4594 1
204 219 1
204 436 1
204 768 1
204 815 1
204 833 1
204 900 1
204 1167 1
204 1484 1
204 1732 1
204 1749 1
204 1785 1
204 2225 1
204 2248 1
204 2269 1
204 2316 1
204 2338 1
204 2354 1
204 2383 1
204 2667 1
204 2767 1
204 2769 1
204 2811 1
204 2828 1
204 2920 1
204 3089 1
204 3379 1
204 3440 1
204 3488 1
204 3707 1
204 3973 1
204 4004 1
204 4012 1
204 4392 1
204 4397 1
204 4598 1
206 563 1
206 880 1
206 959 1
206 1113 1
206 1337 1
206 1472 1
206 1733 1
206 1928 1
206 2690 1
206 2716 1
206 3031 1
206 3111 1
206 4059 1
206 4182 1
206 4281 1
213 2426 1
213 2913 1
216 415 1
216 795 1
216 1111 1
216 1330 1
216 1549 1
216 1803 1
216 2951 1
216 3996 1
216 4527 1
216 4587 1
217 824 1
217 3067 1
219 436 1
219 768 1
219 815 1
219 833 1
219 900 1
219 1167 1
219 1484 1
219 1732 1
219 1749 1
219 1785 1
219 2225 1
219 2248 1
219 2269 1
219 2316 1
219 2338 1
219 2354 1
219 2383 1
219 2667 1
219 2767 1
219 2769 1
219 2811 1
219 2828 1
219 2920 1
219 3089 1
219 3379 1
219 3440 1
219 3488 1
219 3707 1
219 3973 1
219 4004 1
219 4012 1
219 4392 1
219 4397 1
219 4598 1
224 411 1
224 733 1
224 1088 1
224 1187 1
224 3267 1
224 3276 1
224 3292 1
224 3723 1
229 493 1
229 510 1
229 2558 1
234 319 1
234 763 1
234 1704 1
234 3176 1
236 419 1
236 682 1
236 992 1
236 1891 1
236 2709 1
236 3665 1
238 1882 1
241 337 1
241 722 1
241 1852 1
241 2646 1
241 4008 1
242 609 1
242 806 1
242 1180 1
242 3980 1
244 257 1
244 339 1
244 373 1
244 541 1
244 550 1
244 625 1
244 969 1
244 1037 1
244 1053 1
244 1065 1
244 1083 1
244 1216 1
244 1329 1
244 1362 1
244 1739 1
244 1761 1
244 1826 1
244 1885 1
244 1932 1
244 1996 1
244 2062 1
244 2114 1
244 2551 1
244 2862 1
244 2864 1
244 2967 1
244 2970 1
244 3008 1
244 3074 1
244 3332 1
244 3414 1
244 3524 1
244 3589 1
244 3640 1
244 3643 1
244 3839 1
244 3842 1
244 3893 1
244 3929 1
244 4133 1
244 4606 1
246 706 1
246 2150 1
246 2596 1
249 766 1
249 780 1
249 821 1
249 827 1
249 1004 1
249 1303 1
249 1412 1
249 1518 1
249 1638 1
249 1945 1
249 2078 1
249 2283 1
249 2337 1
249 2955 1
249 3018 1
249 3080 1
249 3755 1
249 3845 1
249 3866 1
249 3912 1
249 3943 1
249 3959 1
249 4244 1
249 4472 1
249 4487 1
257 339 1
257 373 1
257 541 1
257 550 1
257 625 1
257 969 1
257 1037 1
257 1053 1
257 1065 1
257 1083 1
257 1216 1
257 1329 1
257 1362 1
257 1739 1
257 1761 1
257 1826 1
257 1885 1
257 1932 1
257 1996 1
257 2062 1
257 2114 1
257 2551 1
257 2862 1
257 2864 1
257 2967 1
257 2970 1
257 3008 1
257 3074 1
257 3332 1
257 3414 1
257 3524 1
257 3589 1
257 3640 1
257 3643 1
257 3839 1
257 3842 1
257 3893 1
257 3929 1
257 4133 1
257 4606 1
261 1339 1
261 2409 1
261 3304 1
261 4087 1
261 4388 1
262 1116 1
262 1232 1
262 1238 1
262 1859 1
262 2312 1
262 4001 1
262 4537 1
265 565 1
265 1587 1
265 1929 1
265 2070 1
265 2083 1
265 2116 1
265 3337 1
265 3396 1
265 3997 1
265 4081 1
265 4136 1
267 465 1
267 889 1
267 1358 1
267 2832 1
267 3847 1
268 998 1
268 1213 1
268 1601 1
268 2914 1
268 3128 1
269 909 1
270 1772 1
270 3700 1
270 4267 1
270 4470 1
271 1659 1
271 3093 1
271 3425 1
271 3570 1
271 3852 1
271 4414 1
274 2562 1
274 4289 1
275 961 1
276 311 1
276 489 1
276 631 1
276 632 1
276 716 1
276 1089 1
276 1091 1
276 1105 1
276 1118 1
276 1326 1
276 1679 1
276 1841 1
276 1909 1
276 2207 1
276 2348 1
276 2604 1
276 2609 1
276 2837 1
276 2945 1
276 3339 1
276 3358 1
276 3555 1
276 4269 1
282 564 1
282 1100 1
282 3747 1
284 2006 1
284 3280 1
284 4084 1
285 1112 1
289 2787 1
289 3372 1
290 377 1
290 578 1
290 580 1
290 758 1
290 931 1
290 1145 1
290 1815 1
290 2039 1
290 2777 1
290 3412 1
290 3830 1
290 4124 1
290 4218 1
290 4477 1
290 4541 1
290 4566 1
295 2813 1
295 3818 1
300 2975 1
300 3646 1
301 750 1
301 2526 1
302 368 1
302 475 1
302 530 1
302 596 1
302 680 1
302 807 1
302 1052 1
302 1154 1
302 1243 1
302 1268 1
302 1343 1
302 1579 1
302 1694 1
302 1738 1
302 1874 1
302 1983 1
302 1993 1
302 2100 1
302 2359 1
302 2403 1
302 2467 1
302 2487 1
302 2509 1
302 2722 1
302 2868 1
302 2931 1
302 3045 1
302 3063 1
302 3132 1
302 3228 1
302 3238 1
302 3262 1
302 3594 1
302 3833 1
302 3835 1
302 3882 1
302 3909 1
302 4051 1
302 4166 1
307 3055 1
307 3901 1
309 351 1
309 760 1
309 1003 1
309 1189 1
309 1831 1
309 2268 1
309 2350 1
309 2481 1
309 2875 1
309 2902 1
309 3956 1
311 489 1
311 631 1
311 716 1
311 914 1
311 1034 1
311 1089 1
311 1118 1
311 1679 1
311 1841 1
311 1909 1
311 2348 1
311 2556 1
311 2609 1
311 2837 1
311 2945 1
311 3339 1
311 3358 1
311 3555 1
311 3721 1
311 4076 1
311 4269 1
313 571 1
313 851 1
313 1046 1
313 1115 1
313 1146 1
313 1351 1
313 1753 1
313 2092 1
313 2138 1
313 2353 1
313 2710 1
313 3482 1
313 3790 1
313 4565 1
313 4602 1
313 4603 1
314 488 1
314 889 1
314 2610 1
314 3062 1
314 3431 1
314 3779 1
314 3792 1
314 3847 1
315 953 1
315 1071 1
315 1143 1
315 1293 1
315 2387 1
315 2892 1
315 3435 1
315 3836 1
315 4556 1
316 2851 1
317 600 1
317 755 1
317 1496 1
317 1762 1
317 2053 1
317 2134 1
317 2608 1
317 2793 1
317 2964 1
317 3366 1
317 4516 1
319 763 1
319 1704 1
319 3176 1
321 796 1
321 4235 1
323 863 1
323 1061 1
323 1519 1
323 1663 1
323 3616 1
335 3078 1
335 4232 1
335 4430 1
337 722 1
337 1852 1
337 2646 1
337 4008 1
339 373 1
339 541 1
339 550 1
339 625 1
339 969 1
339 1037 1
339 1053 1
339 1065 1
339 1083 1
339 1216 1
339 1329 1
339 1362 1
339 1739 1
339 1761 1
339 1826 1
339 1885 1
339 1932 1
339 1996 1
339 2062 1
339 2114 1
339 2551 1
339 2862 1
339 2864 1
339 2967 1
339 2970 1
339 3008 1
339 3074 1
339 3332 1
339 3414 1
339 3524 1
339 3589 1
339 3640 1
339 3643 1
339 3839 1
339 3842 1
339 3893 1
339 3929 1
339 4133 1
339 4606 1
340 514 1
340 2329 1
340 4243 1
340 4461 1
342 898 1
342 1951 1
342 2029 1
342 4408 1
342 4469 1
342 4567 1
347 2601 1
347 4502 1
351 760 1
351 1003 1
351 1189 1
351 1831 1
351 2268 1
351 2350 1
351 2481 1
351 2875 1
351 2902 1
351 3956 1
353 1490 1
353 2947 1
358 937 1
358 1103 1
358 2002 1
358 2898 1
358 3566 1
358 4129 1
359 374 1
359 775 1
359 912 1
359 1186 1
359 1383 1
359 1543 1
359 1935 1
359 2182 1
359 2635 1
359 2666 1
359 2772 1
359 3265 1
359 3269 1
359 3343 1
359 3690 1
361 1117 1
361 1731 1
361 2894 1
361 3546 1
361 4383 1
362 424 1
362 2087 1
362 2869 1
362 3650 1
362 3703 1
362 4343 1
364 2926 1
365 526 1
365 1220 1
365 1476 1
365 1584 1
365 1842 1
365 1937 1
365 2184 1
365 2344 1
365 2491 1
365 2653 1
365 2759 1
365 2802 1
365 2932 1
365 3011 1
365 3131 1
365 3232 1
365 3364 1
365 3586 1
365 3662 1
365 3950 1
365 4025 1
365 4083 1
365 4230 1
366 1272 1
367 673 1
367 882 1
367 1022 1
367 1686 1
367 2104 1
367 2528 1
367 2657 1
367 2805 1
367 3246 1
367 3638 1
367 3970 1
367 4409 1
367 4455 1
367 4597 1
368 475 1
368 530 1
368 596 1
368 680 1
368 807 1
368 1052 1
368 1154 1
368 1243 1
368 1268 1
368 1343 1
368 1579 1
368 1694 1
368 1738 1
368 1874 1
368 1983 1
368 1993 1
368 2100 1
368 2359 1
368 2403 1
368 2467 1
368 2487 1
368 2509 1
368 2722 1
368 2868 1
368 2931 1
368 3045 1
368 3063 1
368 3132 1
368 3228 1
368 3238 1
368 3262 1
368 3594 1
368 3833 1
368 3835 1
368 3882 1
368 3909 1
368 4051 1
368 4166 1
373 541 1
373 550 1
373 625 1
373 969 1
373 1037 1
373 1053 1
373 1065 1
373 1083 1
373 1216 1
373 1329 1
373 1362 1
373 1739 1
373 1761 1
373 1826 1
373 1885 1
373 1932 1
373 1996 1
373 2062 1
373 2114 1
373 2551 1
373 2862 1
373 2864 1
373 2967 1
373 2970 1
373 3008 1
373 3074 1
373 3332 1
373 3414 1
373 3524 1
373 3589 1
373 3640 1
373 3643 1
373 3839 1
373 3842 1
373 3893 1
373 3929 1
373 4133 1
373 4606 1
374 775 1
374 912 1
374 1186 1
374 1383 1
374 1543 1
374 1935 1
374 2182 1
374 2206 1
374 2635 1
374 2666 1
374 2772 1
374 3265 1
374 3269 1
374 3343 1
374 4258 1
375 3751 1
376 678 1
377 578 1
377 580 1
377 758 1
377 931 1
377 1145 1
377 1815 1
377 2039 1
377 2777 1
377 3412 1
377 3830 1
377 4124 1
377 4218 1
377 4477 1
377 4541 1
377 4566 1
378 536 1
378 559 1
378 562 1
378 883 1
378 994 1
378 1295 1
378 1624 1
378 1955 1
378 3112 1
378 3787 1
378 3971 1
378 4027 1
378 4132 1
378 4373 1
378 4391 1
378 4447 1
378 4571 1
381 631 1
381 792 1
381 1494 1
381 1498 1
381 1612 1
381 1702 1
381 2347 1
381 4435 1
383 618 1
383 1459 1
383 1922 1
383 2085 1
383 2151 1
383 3088 1
383 3626 1
383 4031 1
386 1191 1
386 2156 1
387 1158 1
387 3841 1
389 613 1
389 1437 1
389 1497 1
389 1562 1
389 2193 1
389 3188 1
389 4362 1
390 1366 1
390 1401 1
390 1557 1
390 1900 1
390 2539 1
390 2645 1
390 2945 1
390 3316 1
390 3339 1
390 3358 1
390 3562 1
390 4127 1
390 4266 1
390 4309 1
393 764 1
393 2433 1
393 2834 1
396 471 1
396 674 1
398 509 1
398 1389 1
398 1892 1
398 3659 1
398 3745 1
399 786 1
399 1326 1
399 2557 1
399 4339 1
403 3214 1
406 1525 1
406 3454 1
406 4358 1
408 1500 1
408 2203 1
408 2968 1
408 3609 1
408 4045 1
408 4503 1
411 733 1
411 1088 1
411 1187 1
411 3267 1
411 3276 1
411 3292 1
411 3723 1
415 795 1
415 1111 1
415 1330 1
415 1549 1
415 2951 1
415 3996 1
415 4527 1
419 500 1
419 543 1
419 1142 1
419 1269 1
419 1891 1
419 2315 1
419 2448 1
419 3793 1
422 1974 1
422 3025 1
424 2087 1
424 2869 1
424 3650 1
424 3703 1
424 4343 1
425 3152 1
436 768 1
436 815 1
436 833 1
436 900 1
436 1167 1
436 1484 1
436 1732 1
436 1749 1
436 1785 1
436 2225 1
436 2248 1
436 2269 1
436 2316 1
436 2338 1
436 2354 1
436 2383 1
436 2667 1
436 2767 1
436 2769 1
436 2811 1
436 2828 1
436 2920 1
436 3089 1
436 3379 1
436 3440 1
436 3488 1
436 3707 1
436 3973 1
436 4004 1
436 4012 1
436 4392 1
436 4397 1
436 4598 1
446 539 1
446 591 1
446 1368 1
446 2593 1
446 2631 1
446 3079 1
446 3172 1
446 3301 1
446 3324 1
446 4555 1
448 803 1
448 1509 1
448 2120 1
448 3085 1
448 4354 1
463 3002 1
463 3749 1
465 889 1
465 2832 1
465 3847 1
470 3738 1
471 674 1
475 530 1
475 596 1
475 680 1
475 807 1
475 1052 1
475 1154 1
475 1243 1
475 1268 1
475 1343 1
475 1579 1
475 1694 1
475 1738 1
475 1874 1
475 1983 1
475 1993 1
475 2100 1
475 2359 1
475 2403 1
475 2467 1
475 2487 1
475 2509 1
475 2722 1
475 2868 1
475 2931 1
475 3045 1
475 3063 1
475 3132 1
475 3228 1
475 3238 1
475 3262 1
475 3594 1
475 3833 1
475 3835 1
475 3882 1
475 3909 1
475 4051 1
475 4166 1
481 1311 1
481 3545 1
481 4041 1
482 3498 1
484 699 1
484 2398 1
484 4440 1
486 2788 1
488 889 1
488 2610 1
488 3062 1
488 3431 1
488 3779 1
488 3792 1
488 3847 1
489 631 1
489 716 1
489 1031 1
489 1089 1
489 1118 1
489 1326 1
489 1679 1
489 1841 1
489 1909 1
489 2207 1
489 2348 1
489 2604 1
489 2609 1
489 2837 1
489 2945 1
489 3339 1
489 3358 1
489 3555 1
489 4269 1
491 2232 1
491 4324 1
492 820 1
492 910 1
492 1099 1
492 1210 1
492 1414 1
492 1674 1
492 2101 1
492 2221 1
492 2586 1
492 3117 1
492 3229 1
492 3466 1
492 4316 1
493 510 1
493 2558 1
496 740 1
496 4367 1
500 543 1
500 1142 1
500 1269 1
500 1891 1
500 2315 1
500 2448 1
500 3158 1
500 3793 1
500 4009 1
501 811 1
501 1833 1
501 1851 1
501 2026 1
501 2157 1
501 2425 1
501 3560 1
501 3652 1
501 3797 1
501 4257 1
501 4337 1
505 683 1
505 1406 1
508 1200 1
508 3026 1
508 3319 1
509 1389 1
509 1892 1
509 3659 1
509 3745 1
510 2558 1
511 1036 1
511 2369 1
511 3924 1
511 4149 1
514 2329 1
514 4243 1
514 4461 1
515 3463 1
517 1033 1
517 1212 1
517 1756 1
517 2296 1
517 3272 1
517 3399 1
517 3695 1
517 3947 1
517 4404 1
517 4534 1
517 4580 1
526 1220 1
526 1476 1
526 1584 1
526 1842 1
526 1937 1
526 2184 1
526 2344 1
526 2491 1
526 2653 1
526 2759 1
526 2802 1
526 2932 1
526 3011 1
526 3131 1
526 3232 1
526 3364 1
526 3586 1
526 3662 1
526 3950 1
526 4025 1
526 4083 1
526 4230 1
527 3601 1
528 972 1
528 2406 1
528 2810 1
528 3368 1
528 3827 1
528 4594 1
530 596 1
530 680 1
530 807 1
530 1052 1
530 1154 1
530 1243 1
530 1268 1
530 1343 1
530 1579 1
530 1694 1
530 1738 1
530 1874 1
530 1983 1
530 1993 1
530 2100 1
530 2359 1
530 2403 1
530 2467 1
530 2487 1
530 2509 1
530 2722 1
530 2868 1
530 2931 1
530 3045 1
530 3063 1
530 3132 1
530 3228 1
530 3238 1
530 3262 1
530 3594 1
530 3833 1
530 3835 1
530 3882 1
530 3909 1
530 4051 1
530 4166 1
533 1848 1
534 3788 1
536 559 1
536 562 1
536 883 1
536 994 1
536 1295 1
536 1624 1
536 1955 1
536 3112 1
536 3787 1
536 3971 1
536 4027 1
536 4132 1
536 4373 1
536 4391 1
536 4447 1
536 4571 1
537 1307 1
538 1887 1
539 591 1
539 1368 1
539 2593 1
539 2631 1
539 3079 1
539 3172 1
539 3301 1
539 3324 1
539 4555 1
540 1384 1
540 2432 1
540 3296 1
540 4355 1
541 550 1
541 625 1
541 969 1
541 1037 1
541 1053 1
541 1065 1
541 1083 1
541 1216 1
541 1329 1
541 1362 1
541 1739 1
541 1761 1
541 1826 1
541 1885 1
541 1932 1
541 1996 1
541 2062 1
541 2114 1
541 2551 1
541 2862 1
541 2864 1
541 2967 1
541 2970 1
541 3008 1
541 3074 1
541 3332 1
541 3414 1
541 3524 1
541 3589 1
541 3640 1
541 3643 1
541 3839 1
541 3842 1
541 3893 1
541 3929 1
541 4133 1
541 4606 1
543 1142 1
543 1269 1
543 1891 1
543 2315 1
543 2448 1
543 3158 1
543 3793 1
543 4009 1
549 1262 1
549 1933 1
549 3404 1
549 3699 1
549 4488 1
550 625 1
550 969 1
550 1037 1
550 1053 1
550 1065 1
550 1083 1
550 1216 1
550 1329 1
550 1362 1
550 1739 1
550 1761 1
550 1826 1
550 1885 1
550 1932 1
550 1996 1
550 2062 1
550 2114 1
550 2551 1
550 2862 1
550 2864 1
550 2967 1
550 2970 1
550 3008 1
550 3074 1
550 3332 1
550 3414 1
550 3524 1
550 3589 1
550 3640 1
550 3643 1
550 3839 1
550 3842 1
550 3893 1
550 3929 1
550 4133 1
550 4606 1
553 2436 1
553 2682 1
557 901 1
557 1148 1
557 2891 1
557 2933 1
557 2995 1
557 3405 1
557 3561 1
557 4217 1
557 4366 1
559 562 1
559 883 1
559 994 1
559 1295 1
559 1624 1
559 1955 1
559 3112 1
559 3787 1
559 3971 1
559 4027 1
559 4132 1
559 4373 1
559 4391 1
559 4447 1
559 4571 1
561 804 1
562 883 1
562 994 1
562 1295 1
562 1624 1
562 1955 1
562 3112 1
562 3787 1
562 3971 1
562 4027 1
562 4132 1
562 4373 1
562 4391 1
562 4447 1
562 4571 1
563 880 1
563 959 1
563 1113 1
563 1337 1
563 1472 1
563 1733 1
563 1928 1
563 2690 1
563 2716 1
563 3031 1
563 3111 1
563 4059 1
563 4182 1
563 4281 1
564 1100 1
564 3747 1
565 1273 1
565 1587 1
565 2070 1
565 2083 1
565 2116 1
565 2285 1
565 3337 1
565 3396 1
565 3884 1
565 3997 1
565 4081 1
565 4136 1
565 4270 1
571 851 1
571 1046 1
571 1115 1
571 1146 1
571 1351 1
571 1753 1
571 2092 1
571 2138 1
571 2353 1
571 2710 1
571 3482 1
571 3790 1
571 4565 1
571 4602 1
571 4603 1
575 809 1
575 1822 1
575 3724 1
577 630 1
578 580 1
578 758 1
578 931 1
578 1145 1
578 1815 1
578 2039 1
578 2777 1
578 3412 1
578 3830 1
578 4124 1
578 4218 1
578 4477 1
578 4541 1
578 4566 1
579 594 1
579 634 1
579 1172 1
579 1267 1
579 4221 1
580 758 1
580 931 1
580 1145 1
580 1815 1
580 2039 1
580 2777 1
580 3412 1
580 3830 1
580 4124 1
580 4218 1
580 4477 1
580 4541 1
580 4566 1
583 976 1
583 1395 1
583 2203 1
583 2245 1
583 2320 1
583 2327 1
583 2841 1
583 4338 1
585 2454 1
588 3969 1
591 1368 1
591 2593 1
591 2631 1
591 3079 1
591 3172 1
591 3301 1
591 3324 1
591 4555 1
594 634 1
594 1172 1
594 1267 1
594 4221 1
596 680 1
596 807 1
596 1052 1
596 1154 1
596 1243 1
596 1268 1
596 1343 1
596 1579 1
596 1694 1
596 1738 1
596 1874 1
596 1983 1
596 1993 1
596 2100 1
596 2359 1
596 2403 1
596 2467 1
596 2487 1
596 2509 1
596 2722 1
596 2868 1
596 2931 1
596 3045 1
596 3063 1
596 3132 1
596 3228 1
596 3238 1
596 3262 1
596 3594 1
596 3833 1
596 3835 1
596 3882 1
596 3909 1
596 4051 1
596 4166 1
599 1162 1
599 2549 1
599 3339 1
599 4473 1
600 755 1
600 1496 1
600 1762 1
600 2053 1
600 2134 1
600 2608 1
600 2793 1
600 2964 1
600 3366 1
600 4516 1
601 2853 1
601 3581 1
605 655 1
605 726 1
605 1086 1
605 2266 1
605 2480 1
605 2494 1
605 3092 1
605 3715 1
605 4209 1
607 2326 1
609 806 1
609 1180 1
609 3980 1
610 653 1
610 732 1
610 831 1
610 1369 1
610 1426 1
610 1825 1
610 1941 1
610 1946 1
610 1953 1
610 2090 1
610 2126 1
610 2241 1
610 2418 1
610 2420 1
610 2567 1
610 3118 1
610 3569 1
610 3578 1
610 3585 1
610 3877 1
610 3993 1
610 4057 1
610 4105 1
610 4112 1
610 4194 1
610 4292 1
610 4378 1
610 4419 1
611 952 1
613 1437 1
613 1497 1
613 1562 1
613 2193 1
613 3188 1
613 4362 1
616 3809 1
618 808 1
618 1001 1
618 1089 1
618 1427 1
618 1713 1
618 2085 1
618 2151 1
618 2609 1
618 3088 1
618 3797 1
618 4031 1
625 969 1
625 1037 1
625 1053 1
625 1065 1
625 1083 1
625 1216 1
625 1321 1
625 1329 1
625 1362 1
625 1517 1
625 1735 1
625 1739 1
625 1761 1
625 1826 1
625 1885 1
625 1932 1
625 1996 1
625 2062 1
625 2114 1
625 2551 1
625 2862 1
625 2864 1
625 2967 1
625 2970 1
625 3008 1
625 3074 1
625 3332 1
625 3414 1
625 3524 1
625 3589 1
625 3640 1
625 3643 1
625 3839 1
625 3842 1
625 3855 1
625 3893 1
625 3929 1
625 3986 1
625 4133 1
625 4606 1
626 1797 1
626 2075 1
626 2234 1
626 2617 1
626 4279 1
627 1334 1
627 2158 1
629 978 1
629 1720 1
629 4593 1
631 716 1
631 792 1
631 1089 1
631 1118 1
631 1494 1
631 1498 1
631 1612 1
631 1679 1
631 1702 1
631 1841 1
631 1909 1
631 2347 1
631 2348 1
631 2609 1
631 2837 1
631 2945 1
631 3339 1
631 3358 1
631 3555 1
631 4269 1
632 1091 1
632 1105 1
632 2837 1
633 723 1
633 899 1
633 1309 1
633 1629 1
633 1682 1
633 3322 1
633 4441 1
634 1172 1
634 1267 1
634 4221 1
638 2974 1
644 2325 1
644 3789 1
649 4382 1
650 4564 1
653 732 1
653 831 1
653 1369 1
653 1426 1
653 1825 1
653 1941 1
653 1946 1
653 1953 1
653 2090 1
653 2126 1
653 2241 1
653 2418 1
653 2420 1
653 2567 1
653 3118 1
653 3569 1
653 3578 1
653 3585 1
653 3877 1
653 3993 1
653 4057 1
653 4105 1
653 4112 1
653 4194 1
653 4292 1
653 4378 1
653 4419 1
654 2798 1
654 3094 1
655 726 1
655 1086 1
655 2266 1
655 2480 1
655 2494 1
655 3092 1
655 3715 1
655 4209 1
658 729 1
658 1752 1
661 2917 1
673 882 1
673 1022 1
673 1686 1
673 2079 1
673 2104 1
673 2528 1
673 2657 1
673 2805 1
673 3246 1
673 3638 1
673 3970 1
673 4409 1
673 4455 1
673 4597 1
675 837 1
675 1709 1
675 2571 1
675 3344 1
675 3683 1
675 4153 1
680 807 1
680 1052 1
680 1154 1
680 1243 1
680 1268 1
680 1343 1
680 1579 1
680 1694 1
680 1738 1
680 1874 1
680 1983 1
680 1993 1
680 2100 1
680 2359 1
680 2403 1
680 2467 1
680 2487 1
680 2509 1
680 2722 1
680 2868 1
680 2931 1
680 3045 1
680 3063 1
680 3132 1
680 3228 1
680 3238 1
680 3262 1
680 3594 1
680 3833 1
680 3835 1
680 3882 1
680 3909 1
680 4051 1
680 4166 1
681 1508 1
681 2257 1
681 2469 1
681 4363 1
682 950 1
682 992 1
682 2709 1
682 3108 1
682 3116 1
682 3452 1
682 3665 1
683 1406 1
685 1438 1
685 3347 1
690 835 1
690 1784 1
690 3563 1
690 3820 1
690 4015 1
690 4352 1
690 4380 1
693 4021 1
693 4222 1
696 854 1
696 1135 1
696 2250 1
696 3381 1
696 3408 1
696 3543 1
698 917 1
698 3030 1
698 3413 1
698 3611 1
699 2398 1
699 4440 1
702 1959 1
702 3091 1
702 3541 1
702 3817 1
702 4521 1
706 2150 1
706 2596 1
707 1041 1
714 2746 1
714 3921 1
716 1089 1
716 1118 1
716 1679 1
716 1841 1
716 1909 1
716 2348 1
716 2609 1
716 2837 1
716 2945 1
716 3339 1
716 3358 1
716 3555 1
716 4269 1
722 1852 1
722 2646 1
722 4008 1
723 899 1
723 1309 1
723 1629 1
723 1682 1
723 3322 1
723 4441 1
726 1086 1
726 2266 1
726 2480 1
726 2494 1
726 3092 1
726 3715 1
726 4209 1
728 1030 1
728 1104 1
728 1296 1
728 2007 1
728 2736 1
728 2766 1
728 2961 1
728 3009 1
728 3334 1
728 3719 1
728 4381 1
729 1752 1
732 831 1
732 1369 1
732 1426 1
732 1825 1
732 1941 1
732 1946 1
732 1953 1
732 2090 1
732 2126 1
732 2241 1
732 2418 1
732 2420 1
732 2567 1
732 3118 1
732 3569 1
732 3578 1
732 3585 1
732 3877 1
732 3993 1
732 4057 1
732 4105 1
732 4112 1
732 4194 1
732 4292 1
732 4378 1
732 4419 1
733 1088 1
733 1187 1
733 3267 1
733 3276 1
733 3292 1
733 3723 1
734 3215 1
735 1976 1
736 4330 1
737 790 1
737 947 1
737 965 1
737 2222 1
737 2348 1
740 4367 1
743 3888 1
743 4542 1
750 2526 1
753 1644 1
755 1496 1
755 1762 1
755 2053 1
755 2134 1
755 2608 1
755 2793 1
755 2964 1
755 3366 1
755 4516 1
758 931 1
758 1145 1
758 1815 1
758 2039 1
758 2777 1
758 3412 1
758 3830 1
758 4124 1
758 4218 1
758 4477 1
758 4541 1
758 4566 1
760 1003 1
760 1189 1
760 1831 1
760 2268 1
760 2350 1
760 2481 1
760 2875 1
760 2902 1
760 3956 1
763 1704 1
763 3176 1
764 2433 1
764 2834 1
766 780 1
766 821 1
766 827 1
766 1004 1
766 1303 1
766 1412 1
766 1518 1
766 1638 1
766 1945 1
766 2078 1
766 2283 1
766 2337 1
766 2955 1
766 3018 1
766 3080 1
766 3755 1
766 3845 1
766 3866 1
766 3912 1
766 3943 1
766 3959 1
766 4244 1
766 4472 1
766 4487 1
768 815 1
768 833 1
768 900 1
768 1167 1
768 1484 1
768 1732 1
768 1749 1
768 1785 1
768 2225 1
768 2248 1
768 2269 1
768 2316 1
768 2338 1
768 2354 1
768 2383 1
768 2667 1
768 2767 1
768 2769 1
768 2811 1
768 2828 1
768 2920 1
768 3089 1
768 3379 1
768 3440 1
768 3488 1
768 3707 1
768 3973 1
768 4004 1
768 4012 1
768 4392 1
768 4397 1
768 4598 1
771 848 1
771 4443 1
772 2402 1
772 3642 1
772 4200 1
773 797 1
775 912 1
775 1186 1
775 1383 1
775 1543 1
775 1935 1
775 2182 1
775 2206 1
775 2635 1
775 2666 1
775 2772 1
775 3265 1
775 3269 1
775 3343 1
775 4258 1
778 860 1
778 1469 1
778 4317 1
780 821 1
780 827 1
780 1004 1
780 1303 1
780 1412 1
780 1518 1
780 1638 1
780 1945 1
780 2078 1
780 2283 1
780 2337 1
780 2955 1
780 3018 1
780 3080 1
780 3755 1
780 3845 1
780 3866 1
780 3912 1
780 3943 1
780 3959 1
780 4244 1
780 4472 1
780 4487 1
781 790 1
781 947 1
781 975 1
781 1063 1
781 1091 1
781 1184 1
781 1265 1
781 1747 1
781 1807 1
781 2069 1
781 2084 1
781 2129 1
781 2485 1
781 2615 1
781 2639 1
781 2903 1
781 3501 1
781 3512 1
781 3521 1
781 3559 1
781 3807 1
781 3896 1
781 4022 1
781 4250 1
781 4401 1
786 1326 1
786 2557 1
786 4339 1
787 2277 1
790 947 1
790 965 1
790 975 1
790 1063 1
790 1091 1
790 1184 1
790 1265 1
790 1747 1
790 1807 1
790 2069 1
790 2084 1
790 2129 1
790 2222 1
790 2348 1
790 2485 1
790 2615 1
790 2639 1
790 2903 1
790 3501 1
790 3512 1
790 3521 1
790 3559 1
790 3807 1
790 3896 1
790 4022 1
790 4250 1
790 4401 1
792 1494 1
792 1498 1
792 1612 1
792 1702 1
792 2347 1
795 1111 1
795 1330 1
795 1549 1
795 1803 1
795 2951 1
795 3996 1
795 4527 1
795 4587 1
796 4235 1
803 1509 1
803 2120 1
803 3085 1
803 4354 1
806 981 1
806 1180 1
806 3980 1
807 1052 1
807 1154 1
807 1243 1
807 1268 1
807 1343 1
807 1579 1
807 1694 1
807 1738 1
807 1874 1
807 1983 1
807 1993 1
807 2100 1
807 2359 1
807 2403 1
807 2467 1
807 2487 1
807 2509 1
807 2722 1
807 2868 1
807 2931 1
807 3045 1
807 3063 1
807 3132 1
807 3228 1
807 3238 1
807 3262 1
807 3594 1
807 3833 1
807 3835 1
807 3882 1
807 3909 1
807 4051 1
807 4166 1
808 1001 1
808 1089 1
808 1427 1
808 1713 1
808 2609 1
808 3797 1
808 3904 1
809 1822 1
809 3724 1
811 1833 1
811 1851 1
811 2026 1
811 2157 1
811 2425 1
811 3560 1
811 3652 1
811 3797 1
811 4257 1
811 4337 1
812 2514 1
815 833 1
815 900 1
815 1167 1
815 1484 1
815 1732 1
815 1749 1
815 1785 1
815 2225 1
815 2248 1
815 2269 1
815 2316 1
815 2338 1
815 2354 1
815 2383 1
815 2667 1
815 2767 1
815 2769 1
815 2811 1
815 2828 1
815 2920 1
815 3089 1
815 3379 1
815 3440 1
815 3488 1
815 3707 1
815 3973 1
815 4004 1
815 4012 1
815 4392 1
815 4397 1
815 4598 1
819 1097 1
819 1581 1
819 1877 1
820 910 1
820 1099 1
820 1210 1
820 1414 1
820 1674 1
820 2101 1
820 2221 1
820 2586 1
820 3117 1
820 3229 1
820 3466 1
820 4316 1
821 827 1
821 1004 1
821 1303 1
821 1412 1
821 1518 1
821 1638 1
821 1945 1
821 2078 1
821 2283 1
821 2337 1
821 2955 1
821 3018 1
821 3080 1
821 3755 1
821 3845 1
821 3866 1
821 3912 1
821 3943 1
821 3959 1
821 4244 1
821 4472 1
821 4487 1
824 3067 1
827 1004 1
827 1303 1
827 1412 1
827 1518 1
827 1638 1
827 1945 1
827 2078 1
827 2283 1
827 2337 1
827 2955 1
827 3018 1
827 3080 1
827 3755 1
827 3845 1
827 3866 1
827 3912 1
827 3943 1
827 3959 1
827 4244 1
827 4472 1
827 4487 1
831 1369 1
831 1426 1
831 1825 1
831 1941 1
831 1946 1
831 1953 1
831 2090 1
831 2126 1
831 2241 1
831 2418 1
831 2420 1
831 2567 1
831 3118 1
831 3569 1
831 3578 1
831 3585 1
831 3877 1
831 3993 1
831 4057 1
831 4105 1
831 4112 1
831 4194 1
831 4292 1
831 4378 1
831 4419 1
832 1153 1
832 2413 1
833 900 1
833 1167 1
833 1484 1
833 1732 1
833 1749 1
833 1785 1
833 2225 1
833 2248 1
833 2269 1
833 2316 1
833 2338 1
833 2354 1
833 2383 1
833 2667 1
833 2767 1
833 2769 1
833 2811 1
833 2828 1
833 2920 1
833 3089 1
833 3379 1
833 3440 1
833 3488 1
833 3707 1
833 3973 1
833 4004 1
833 4012 1
833 4392 1
833 4397 1
833 4598 1
835 1784 1
835 3563 1
835 3820 1
835 4015 1
835 4352 1
835 4380 1
837 1709 1
837 2571 1
837 3344 1
837 3683 1
837 4153 1
841 2496 1
841 4336 1
842 980 1
842 1073 1
842 2351 1
843 1836 1
843 2112 1
843 2774 1
844 4214 1
845 3388 1
845 3731 1
846 4126 1
847 2042 1
847 3053 1
847 3236 1
847 3286 1
847 3522 1
848 4443 1
849 1628 1
849 2180 1
849 3636 1
849 4056 1
849 4418 1
851 1046 1
851 1115 1
851 1146 1
851 1351 1
851 1753 1
851 2092 1
851 2138 1
851 2353 1
851 2710 1
851 3482 1
851 3790 1
851 4565 1
851 4602 1
851 4603 1
854 1135 1
854 2250 1
854 3381 1
854 3408 1
854 3543 1
855 1023 1
855 2082 1
855 4184 1
857 1006 1
857 1966 1
857 4165 1
860 1469 1
860 4317 1
863 1061 1
863 1519 1
863 1663 1
863 3616 1
865 2063 1
865 3125 1
865 3402 1
875 1131 1
875 2051 1
875 2697 1
875 3235 1
875 3802 1
876 1080 1
876 2034 1
876 3670 1
876 3672 1
876 3801 1
876 4280 1
880 959 1
880 1113 1
880 1337 1
880 1472 1
880 1733 1
880 1928 1
880 2571 1
880 2690 1
880 2716 1
880 3031 1
880 3111 1
880 4059 1
880 4182 1
880 4281 1
882 1022 1
882 1686 1
882 2079 1
882 2104 1
882 2528 1
882 2657 1
882 2805 1
882 3246 1
882 3638 1
882 3970 1
882 4409 1
882 4455 1
882 4597 1
883 994 1
883 1295 1
883 1624 1
883 1955 1
883 3112 1
883 3787 1
883 3971 1
883 4027 1
883 4132 1
883 4373 1
883 4391 1
883 4447 1
883 4571 1
889 1358 1
889 2610 1
889 2832 1
889 3062 1
889 3431 1
889 3779 1
889 3792 1
889 3847 1
891 3403 1
891 4344 1
896 3863 1
896 4335 1
898 1951 1
898 2029 1
898 4408 1
898 4469 1
898 4567 1
899 1309 1
899 1629 1
899 1682 1
899 3322 1
899 4441 1
900 1167 1
900 1484 1
900 1732 1
900 1749 1
900 1785 1
900 2225 1
900 2248 1
900 2269 1
900 2316 1
900 2338 1
900 2354 1
900 2383 1
900 2667 1
900 2767 1
900 2769 1
900 2811 1
900 2828 1
900 2920 1
900 3089 1
900 3379 1
900 3440 1
900 3488 1
900 3707 1
900 3973 1
900 4004 1
900 4012 1
900 4392 1
900 4397 1
900 4598 1
901 1148 1
901 2891 1
901 2933 1
901 2995 1
901 3405 1
901 3561 1
901 4217 1
901 4366 1
902 1327 1
902 3462 1
902 4520 1
902 4536 1
903 1589 1
903 1717 1
903 1795 1
903 2600 1
903 2910 1
903 3302 1
903 4090 1
903 4190 1
908 4476 1
910 1099 1
910 1210 1
910 1414 1
910 1674 1
910 2101 1
910 2221 1
910 2586 1
910 3117 1
910 3229 1
910 3466 1
910 4316 1
911 1345 1
911 3406 1
911 3784 1
912 1186 1
912 1383 1
912 1543 1
912 1935 1
912 2182 1
912 2635 1
912 2666 1
912 2772 1
912 3265 1
912 3269 1
912 3343 1
914 1034 1
914 1118 1
914 2556 1
914 3721 1
914 4076 1
915 3838 1
917 3030 1
917 3413 1
917 3611 1
918 3491 1
918 3500 1
918 4034 1
930 1222 1
930 3967 1
931 1145 1
931 1815 1
931 2039 1
931 2777 1
931 3412 1
931 3830 1
931 4124 1
931 4218 1
931 4477 1
931 4541 1
931 4566 1
937 1103 1
937 2002 1
937 2898 1
937 3566 1
937 4129 1
938 1765 1
938 3684 1
938 4387 1
941 4198 1
942 2209 1
943 2770 1
947 965 1
947 975 1
947 1063 1
947 1091 1
947 1184 1
947 1265 1
947 1747 1
947 1807 1
947 2069 1
947 2084 1
947 2129 1
947 2222 1
947 2348 1
947 2485 1
947 2615 1
947 2639 1
947 2903 1
947 3501 1
947 3512 1
947 3521 1
947 3559 1
947 3807 1
947 3896 1
947 4022 1
947 4250 1
947 4401 1
950 3116 1
950 3452 1
950 3665 1
953 1071 1
953 1143 1
953 1293 1
953 2387 1
953 2892 1
953 3435 1
953 3836 1
953 4556 1
955 3474 1
957 986 1
959 1113 1
959 1337 1
959 1472 1
959 1733 1
959 1928 1
959 2690 1
959 2716 1
959 3031 1
959 3111 1
959 4059 1
959 4182 1
959 4281 1
965 2222 1
965 2348 1
969 1037 1
969 1053 1
969 1065 1
969 1083 1
969 1216 1
969 1329 1
969 1362 1
969 1739 1
969 1761 1
969 1826 1
969 1885 1
969 1932 1
969 1996 1
969 2062 1
969 2114 1
969 2551 1
969 2862 1
969 2864 1
969 2967 1
969 2970 1
969 3008 1
969 3074 1
969 3332 1
969 3414 1
969 3524 1
969 3589 1
969 3640 1
969 3643 1
969 3839 1
969 3842 1
969 3893 1
969 3929 1
969 4133 1
969 4606 1
972 2406 1
972 2810 1
972 3368 1
972 3827 1
972 4594 1
974 3120 1
975 1063 1
975 1091 1
975 1184 1
975 1265 1
975 1747 1
975 1807 1
975 2069 1
975 2084 1
975 2129 1
975 2485 1
975 2615 1
975 2639 1
975 2903 1
975 3501 1
975 3512 1
975 3521 1
975 3559 1
975 3807 1
975 3896 1
975 4022 1
975 4250 1
975 4401 1
976 1395 1
976 2203 1
976 2245 1
976 2320 1
976 2327 1
976 2841 1
976 4338 1
978 1720 1
978 4593 1
979 1047 1
979 1800 1
979 2866 1
979 3341 1
980 1073 1
980 2351 1
981 1180 1
981 3980 1
985 2673 1
985 4302 1
990 1194 1
990 1514 1
990 3632 1
990 3739 1
991 3593 1
992 2709 1
992 3665 1
994 1295 1
994 1624 1
994 1955 1
994 3112 1
994 3787 1
994 3971 1
994 4027 1
994 4132 1
994 4373 1
994 4391 1
994 4447 1
994 4571 1
998 1213 1
998 1601 1
998 2914 1
998 3128 1
1000 4063 1
1001 1089 1
1001 1427 1
1001 1713 1
1001 2609 1
1001 3797 1
1003 1189 1
1003 1831 1
1003 2268 1
1003 2350 1
1003 2481 1
1003 2875 1
1003 2902 1
1003 3956 1
1004 1303 1
1004 1412 1
1004 1518 1
1004 1638 1
1004 1945 1
1004 2078 1
1004 2283 1
1004 2337 1
1004 2955 1
1004 3018 1
1004 3080 1
1004 3755 1
1004 3845 1
1004 3866 1
1004 3912 1
1004 3943 1
1004 3959 1
1004 4244 1
1004 4472 1
1004 4487 1
1006 1966 1
1006 4165 1
1014 3653 1
1016 3725 1
1022 1686 1
1022 2104 1
1022 2528 1
1022 2657 1
1022 2805 1
1022 3246 1
1022 3638 1
1022 3970 1
1022 4409 1
1022 4455 1
1022 4597 1
1023 2082 1
1023 4184 1
1030 1104 1
1030 1296 1
1030 2007 1
1030 2736 1
1030 2766 1
1030 2961 1
1030 3009 1
1030 3334 1
1030 3719 1
1030 4381 1
1033 1212 1
1033 1756 1
1033 2296 1
1033 3272 1
1033 3399 1
1033 3695 1
1033 3947 1
1033 4404 1
1033 4534 1
1033 4580 1
1034 1118 1
1034 3721 1
1034 4076 1
1036 2369 1
1036 3924 1
1036 4149 1
1037 1053 1
1037 1065 1
1037 1083 1
1037 1216 1
1037 1329 1
1037 1362 1
1037 1739 1
1037 1761 1
1037 1826 1
1037 1885 1
1037 1932 1
1037 1996 1
1037 2062 1
1037 2114 1
1037 2551 1
1037 2862 1
1037 2864 1
1037 2967 1
1037 2970 1
1037 3008 1
1037 3074 1
1037 3332 1
1037 3414 1
1037 3524 1
1037 3589 1
1037 3640 1
1037 3643 1
1037 3839 1
1037 3842 1
1037 3893 1
1037 3929 1
1037 4133 1
1037 4606 1
1046 1115 1
1046 1146 1
1046 1351 1
1046 1753 1
1046 2092 1
1046 2138 1
1046 2353 1
1046 2710 1
1046 3482 1
1046 3790 1
1046 4565 1
1046 4602 1
1046 4603 1
1047 1800 1
1047 2866 1
1047 3341 1
1052 1154 1
1052 1243 1
1052 1268 1
1052 1343 1
1052 1579 1
1052 1694 1
1052 1738 1
1052 1874 1
1052 1983 1
1052 1993 1
1052 2100 1
1052 2359 1
1052 2403 1
1052 2467 1
1052 2487 1
1052 2509 1
1052 2722 1
1052 2868 1
1052 2931 1
1052 3045 1
1052 3063 1
1052 3132 1
1052 3228 1
1052 3238 1
1052 3262 1
1052 3594 1
1052 3833 1
1052 3835 1
1052 3882 1
1052 3909 1
1052 4051 1
1052 4166 1
1053 1065 1
1053 1083 1
1053 1216 1
1053 1329 1
1053 1362 1
1053 1739 1
1053 1761 1
1053 1826 1
1053 1885 1
1053 1932 1
1053 1996 1
1053 2062 1
1053 2114 1
1053 2551 1
1053 2862 1
1053 2864 1
1053 2967 1
1053 2970 1
1053 3008 1
1053 3074 1
1053 3332 1
1053 3414 1
1053 3524 1
1053 3589 1
1053 3640 1
1053 3643 1
1053 3839 1
1053 3842 1
1053 3893 1
1053 3929 1
1053 4133 1
1053 4606 1
1056 4220 1
1061 1519 1
1061 1663 1
1061 3616 1
1063 1091 1
1063 1184 1
1063 1265 1
1063 1747 1
1063 1807 1
1063 2069 1
1063 2084 1
1063 2129 1
1063 2485 1
1063 2615 1
1063 2639 1
1063 2903 1
1063 3501 1
1063 3512 1
1063 3521 1
1063 3559 1
1063 3807 1
1063 3896 1
1063 4022 1
1063 4250 1
1063 4401 1
1065 1083 1
1065 1216 1
1065 1329 1
1065 1362 1
1065 1739 1
1065 1761 1
1065 1826 1
1065 1885 1
1065 1932 1
1065 1996 1
1065 2062 1
1065 2114 1
1065 2551 1
1065 2862 1
1065 2864 1
1065 2967 1
1065 2970 1
1065 3008 1
1065 3074 1
1065 3332 1
1065 3414 1
1065 3524 1
1065 3589 1
1065 3640 1
1065 3643 1
1065 3839 1
1065 3842 1
1065 3893 1
1065 3929 1
1065 4133 1
1065 4606 1
1067 4073 1
1071 1143 1
1071 1293 1
1071 2387 1
1071 2892 1
1071 3435 1
1071 3836 1
1071 4556 1
1073 2351 1
1077 1849 1
1077 2117 1
1077 3698 1
1080 2034 1
1080 3670 1
1080 3672 1
1080 3801 1
1080 4280 1
1083 1216 1
1083 1329 1
1083 1362 1
1083 1739 1
1083 1761 1
1083 1826 1
1083 1885 1
1083 1932 1
1083 1996 1
1083 2062 1
1083 2114 1
1083 2551 1
1083 2862 1
1083 2864 1
1083 2967 1
1083 2970 1
1083 3008 1
1083 3074 1
1083 3332 1
1083 3414 1
1083 3524 1
1083 3589 1
1083 3640 1
1083 3643 1
1083 3839 1
1083 3842 1
1083 3893 1
1083 3929 1
1083 4133 1
1083 4606 1
1085 2177 1
1085 4498 1
1086 2266 1
1086 2480 1
1086 2494 1
1086 3092 1
1086 3715 1
1086 4209 1
1088 1187 1
1088 3267 1
1088 3276 1
1088 3292 1
1088 3723 1
1089 1118 1
1089 1427 1
1089 1679 1
1089 1713 1
1089 1841 1
1089 1909 1
1089 2348 1
1089 2609 1
1089 2837 1
1089 2945 1
1089 3339 1
1089 3358 1
1089 3555 1
1089 3797 1
1089 4269 1
1091 1105 1
1091 1184 1
1091 1265 1
1091 1747 1
1091 1807 1
1091 2069 1
1091 2084 1
1091 2129 1
1091 2485 1
1091 2615 1
1091 2639 1
1091 2837 1
1091 2903 1
1091 3501 1
1091 3512 1
1091 3521 1
1091 3559 1
1091 3807 1
1091 3896 1
1091 4022 1
1091 4250 1
1091 4401 1
1092 1364 1
1092 2355 1
1096 2735 1
1097 1581 1
1097 1877 1
1099 1210 1
1099 1414 1
1099 1674 1
1099 2101 1
1099 2221 1
1099 2586 1
1099 3117 1
1099 3229 1
1099 3466 1
1099 4316 1
1100 3747 1
1103 2002 1
1103 2898 1
1103 3566 1
1103 4129 1
1104 1296 1
1104 2007 1
1104 2736 1
1104 2766 1
1104 2961 1
1104 3009 1
1104 3334 1
1104 3719 1
1104 4381 1
1105 1115 1
1105 1445 1
1105 2085 1
1105 2206 1
1105 2207 1
1105 2459 1
1105 2837 1
1105 3088 1
1105 4258 1
1105 4602 1
1109 1755 1
1109 2079 1
1109 2658 1
1111 1330 1
1111 1549 1
1111 1803 1
1111 2951 1
1111 3996 1
1111 4527 1
1111 4587 1
1113 1337 1
1113 1472 1
1113 1733 1
1113 1928 1
1113 2690 1
1113 2716 1
1113 3031 1
1113 3111 1
1113 4059 1
1113 4182 1
1113 4281 1
1115 1146 1
1115 1445 1
1115 1753 1
1115 2092 1
1115 2206 1
1115 2207 1
1115 2353 1
1115 2459 1
1115 3482 1
1115 3790 1
1115 4258 1
1115 4565 1
1115 4602 1
1115 4603 1
1116 1232 1
1116 1238 1
1116 1859 1
1116 2312 1
1116 4001 1
1116 4537 1
1117 1731 1
1117 2894 1
1117 3546 1
1117 4383 1
1118 1679 1
1118 1841 1
1118 1909 1
1118 2348 1
1118 2556 1
1118 2609 1
1118 2837 1
1118 2945 1
1118 3339 1
1118 3358 1
1118 3555 1
1118 3721 1
1118 4076 1
1118 4269 1
1123 1631 1
1123 1866 1
1123 2088 1
1123 2745 1
1123 3155 1
1123 3894 1
1131 2051 1
1131 2697 1
1131 3235 1
1131 3802 1
1132 2362 1
1132 3518 1
1132 3768 1
1135 2250 1
1135 3381 1
1135 3408 1
1135 3543 1
1138 4201 1
1140 1565 1
1140 3093 1
1140 3570 1
1140 3852 1
1140 4414 1
1140 4450 1
1142 1269 1
1142 1891 1
1142 2315 1
1142 2448 1
1142 3793 1
1143 1293 1
1143 2387 1
1143 2892 1
1143 3435 1
1143 3836 1
1143 4556 1
1145 1815 1
1145 2039 1
1145 2777 1
1145 3412 1
1145 3830 1
1145 4124 1
1145 4218 1
1145 4477 1
1145 4541 1
1145 4566 1
1146 1351 1
1146 1753 1
1146 2092 1
1146 2138 1
1146 2353 1
1146 2710 1
1146 3482 1
1146 3790 1
1146 4565 1
1146 4602 1
1146 4603 1
1148 2891 1
1148 2933 1
1148 2995 1
1148 3405 1
1148 3561 1
1148 4217 1
1148 4366 1
1153 2413 1
1154 1243 1
1154 1268 1
1154 1343 1
1154 1579 1
1154 1694 1
1154 1738 1
1154 1874 1
1154 1983 1
1154 1993 1
1154 2100 1
1154 2359 1
1154 2403 1
1154 2467 1
1154 2487 1
1154 2509 1
1154 2722 1
1154 2868 1
1154 2931 1
1154 3045 1
1154 3063 1
1154 3132 1
1154 3228 1
1154 3238 1
1154 3262 1
1154 3594 1
1154 3833 1
1154 3835 1
1154 3882 1
1154 3909 1
1154 4051 1
1154 4166 1
1158 3841 1
1162 2549 1
1162 3339 1
1162 4473 1
1167 1484 1
1167 1732 1
1167 1749 1
1167 1785 1
1167 2225 1
1167 2248 1
1167 2269 1
1167 2316 1
1167 2338 1
1167 2354 1
1167 2383 1
1167 2667 1
1167 2767 1
1167 2769 1
1167 2811 1
1167 2828 1
1167 2920 1
1167 3089 1
1167 3379 1
1167 3440 1
1167 3488 1
1167 3707 1
1167 3973 1
1167 4004 1
1167 4012 1
1167 4392 1
1167 4397 1
1167 4598 1
1169 2412 1
1170 1605 1
1170 1864 1
1170 1871 1
1170 2978 1
1170 3293 1
1170 3813 1
1170 4199 1
1172 1267 1
1172 4221 1
1175 1588 1
1175 1662 1
1175 2161 1
1175 3584 1
1176 1512 1
1176 2820 1
1180 3980 1
1184 1265 1
1184 1747 1
1184 1807 1
1184 2069 1
1184 2084 1
1184 2129 1
1184 2485 1
1184 2615 1
1184 2639 1
1184 2903 1
1184 3501 1
1184 3512 1
1184 3521 1
1184 3559 1
1184 3807 1
1184 3896 1
1184 4022 1
1184 4250 1
1184 4401 1
1185 2588 1
1185 3372 1
1186 1383 1
1186 1543 1
1186 1935 1
1186 2182 1
1186 2206 1
1186 2635 1
1186 2666 1
1186 2772 1
1186 3265 1
1186 3269 1
1186 3343 1
1186 4258 1
1187 3267 1
1187 3276 1
1187 3292 1
1187 3723 1
1189 1831 1
1189 2268 1
1189 2350 1
1189 2481 1
1189 2875 1
1189 2902 1
1189 3956 1
1191 2156 1
1194 1514 1
1194 3632 1
1194 3739 1
1196 4552 1
1200 3026 1
1200 3319 1
1208 2099 1
1209 3529 1
1210 1414 1
1210 1674 1
1210 2101 1
1210 2221 1
1210 2586 1
1210 3117 1
1210 3229 1
1210 3466 1
1210 4316 1
1212 1756 1
1212 2296 1
1212 3272 1
1212 3399 1
1212 3695 1
1212 3947 1
1212 4404 1
1212 4534 1
1212 4580 1
1213 1601 1
1213 2914 1
1213 3128 1
1215 3918 1
1216 1329 1
1216 1362 1
1216 1739 1
1216 1761 1
1216 1826 1
1216 1885 1
1216 1932 1
1216 1996 1
1216 2062 1
1216 2114 1
1216 2551 1
1216 2862 1
1216 2864 1
1216 2967 1
1216 2970 1
1216 3008 1
1216 3074 1
1216 3332 1
1216 3414 1
1216 3524 1
1216 3589 1
1216 3640 1
1216 3643 1
1216 3839 1
1216 3842 1
1216 3893 1
1216 3929 1
1216 4133 1
1216 4606 1
1218 2764 1
1218 3178 1
1218 4376 1
1220 1476 1
1220 1584 1
1220 1842 1
1220 1937 1
1220 2184 1
1220 2344 1
1220 2491 1
1220 2653 1
1220 2759 1
1220 2802 1
1220 2932 1
1220 3011 1
1220 3131 1
1220 3232 1
1220 3364 1
1220 3586 1
1220 3662 1
1220 3950 1
1220 4025 1
1220 4083 1
1220 4230 1
1222 3967 1
1226 1274 1
1226 1366 1
1226 1401 1
1226 1900 1
1226 2620 1
1226 4116 1
1226 4127 1
1226 4531 1
1226 4575 1
1229 2683 1
1232 1238 1
1232 1859 1
1232 2312 1
1232 4001 1
1232 4537 1
1238 1859 1
1238 2312 1
1238 4001 1
1238 4537 1
1243 1268 1
1243 1343 1
1243 1579 1
1243 1694 1
1243 1738 1
1243 1874 1
1243 1983 1
1243 1993 1
1243 2100 1
1243 2359 1
1243 2403 1
1243 2467 1
1243 2487 1
1243 2509 1
1243 2722 1
1243 2868 1
1243 2931 1
1243 3045 1
1243 3063 1
1243 3132 1
1243 3228 1
1243 3238 1
1243 3262 1
1243 3594 1
1243 3833 1
1243 3835 1
1243 3882 1
1243 3909 1
1243 4051 1
1243 4166 1
1244 1332 1
1244 1538 1
1244 1636 1
1244 2358 1
1244 2453 1
1244 2524 1
1244 3124 1
1244 3184 1
1250 2873 1
1250 3777 1
1253 3985 1
1257 2807 1
1262 1933 1
1262 3404 1
1262 3699 1
1262 4488 1
1265 1747 1
1265 1807 1
1265 2069 1
1265 2084 1
1265 2129 1
1265 2485 1
1265 2615 1
1265 2639 1
1265 2903 1
1265 3501 1
1265 3512 1
1265 3521 1
1265 3559 1
1265 3807 1
1265 3896 1
1265 4022 1
1265 4250 1
1265 4401 1
1267 4221 1
1268 1343 1
1268 1579 1
1268 1694 1
1268 1738 1
1268 1874 1
1268 1983 1
1268 1993 1
1268 2100 1
1268 2359 1
1268 2403 1
1268 2467 1
1268 2487 1
1268 2509 1
1268 2722 1
1268 2868 1
1268 2931 1
1268 3045 1
1268 3063 1
1268 3132 1
1268 3228 1
1268 3238 1
1268 3262 1
1268 3594 1
1268 3833 1
1268 3835 1
1268 3882 1
1268 3909 1
1268 4051 1
1268 4166 1
1269 1891 1
1269 2315 1
1269 2448 1
1269 3793 1
1271 3730 1
1273 1587 1
1273 2070 1
1273 2083 1
1273 2116 1
1273 2285 1
1273 3337 1
1273 3396 1
1273 3884 1
1273 3997 1
1273 4081 1
1273 4136 1
1273 4270 1
1274 1366 1
1274 1401 1
1274 1900 1
1274 2620 1
1274 4116 1
1274 4127 1
1274 4531 1
1274 4575 1
1275 1419 1
1275 1612 1
1275 1702 1
1275 2341 1
1275 2347 1
1275 4435 1
1281 2563 1
1281 4451 1
1289 2574 1
1293 2387 1
1293 2892 1
1293 3435 1
1293 3836 1
1293 4556 1
1295 1624 1
1295 1955 1
1295 3112 1
1295 3787 1
1295 3971 1
1295 4027 1
1295 4132 1
1295 4373 1
1295 4391 1
1295 4447 1
1295 4571 1
1296 2007 1
1296 2736 1
1296 2961 1
1296 3009 1
1296 3334 1
1296 3719 1
1296 4381 1
1297 3834 1
1303 1412 1
1303 1518 1
1303 1638 1
1303 1945 1
1303 2078 1
1303 2283 1
1303 2337 1
1303 2955 1
1303 3018 1
1303 3080 1
1303 3755 1
1303 3845 1
1303 3866 1
1303 3912 1
1303 3943 1
1303 3959 1
1303 4244 1
1303 4472 1
1303 4487 1
1306 1390 1
1306 1415 1
1306 3006 1
1309 1629 1
1309 1682 1
1309 3322 1
1309 4441 1
1311 3545 1
1311 4041 1
1315 3625 1
1316 1634 1
1320 2218 1
1321 1517 1
1321 1735 1
1321 3855 1
1321 3986 1
1326 2207 1
1326 2604 1
1326 4339 1
1327 3462 1
1327 4520 1
1329 1362 1
1329 1739 1
1329 1761 1
1329 1826 1
1329 1885 1
1329 1932 1
1329 1996 1
1329 2062 1
1329 2114 1
1329 2551 1
1329 2862 1
1329 2864 1
1329 2967 1
1329 2970 1
1329 3008 1
1329 3074 1
1329 3332 1
1329 3414 1
1329 3524 1
1329 3589 1
1329 3640 1
1329 3643 1
1329 3839 1
1329 3842 1
1329 3893 1
1329 3929 1
1329 4133 1
1329 4606 1
1330 1549 1
1330 1803 1
1330 2951 1
1330 3996 1
1330 4527 1
1330 4587 1
1332 1538 1
1332 1636 1
1332 2358 1
1332 2453 1
1332 2524 1
1332 3124 1
1332 3184 1
1334 2158 1
1337 1472 1
1337 1733 1
1337 1928 1
1337 2690 1
1337 2716 1
1337 3031 1
1337 3111 1
1337 4059 1
1337 4182 1
1337 4281 1
1339 2409 1
1339 3304 1
1339 4087 1
1339 4388 1
1343 1579 1
1343 1694 1
1343 1738 1
1343 1874 1
1343 1983 1
1343 1993 1
1343 2100 1
1343 2359 1
1343 2403 1
1343 2467 1
1343 2487 1
1343 2509 1
1343 2722 1
1343 2868 1
1343 2931 1
1343 3045 1
1343 3063 1
1343 3132 1
1343 3228 1
1343 3238 1
1343 3262 1
1343 3594 1
1343 3833 1
1343 3835 1
1343 3882 1
1343 3909 1
1343 4051 1
1343 4166 1
1345 3406 1
1345 3784 1
1351 1753 1
1351 2092 1
1351 2138 1
1351 2353 1
1351 2710 1
1351 3482 1
1351 3790 1
1351 4565 1
1351 4603 1
1353 1740 1
1353 2318 1
1353 3938 1
1358 3847 1
1362 1739 1
1362 1761 1
1362 1826 1
1362 1885 1
1362 1932 1
1362 1996 1
1362 2062 1
1362 2114 1
1362 2551 1
1362 2862 1
1362 2864 1
1362 2967 1
1362 2970 1
1362 3008 1
1362 3074 1
1362 3332 1
1362 3414 1
1362 3524 1
1362 3589 1
1362 3640 1
1362 3643 1
1362 3839 1
1362 3842 1
1362 3893 1
1362 3929 1
1362 4133 1
1362 4606 1
1364 2355 1
1366 1401 1
1366 1557 1
1366 1900 1
1366 2539 1
1366 2620 1
1366 2645 1
1366 2945 1
1366 3316 1
1366 3339 1
1366 3358 1
1366 3562 1
1366 4116 1
1366 4127 1
1366 4266 1
1366 4309 1
1366 4531 1
1366 4575 1
1367 1970 1
1368 2593 1
1368 2631 1
1368 3079 1
1368 3172 1
1368 3301 1
1368 3324 1
1368 4555 1
1369 1426 1
1369 1825 1
1369 1941 1
1369 1946 1
1369 1953 1
1369 2090 1
1369 2126 1
1369 2241 1
1369 2418 1
1369 2420 1
1369 2567 1
1369 3118 1
1369 3569 1
1369 3578 1
1369 3585 1
1369 3877 1
1369 3993 1
1369 4057 1
1369 4105 1
1369 4112 1
1369 4194 1
1369 4292 1
1369 4378 1
1369 4419 1
1370 1914 1
1370 2510 1
1370 2546 1
1370 4264 1
1370 4570 1
1381 2580 1
1381 3576 1
1381 3679 1
1383 1543 1
1383 1935 1
1383 2182 1
1383 2206 1
1383 2635 1
1383 2666 1
1383 2772 1
1383 3265 1
1383 3269 1
1383 3343 1
1383 4258 1
1384 2432 1
1384 3296 1
1384 4355 1
1389 1892 1
1389 3659 1
1389 3745 1
1390 1415 1
1390 3006 1
1392 4333 1
1394 2191 1
1394 4586 1
1395 2203 1
1395 2245 1
1395 2320 1
1395 2327 1
1395 2841 1
1395 4338 1
1399 3897 1
1401 1557 1
1401 1900 1
1401 2539 1
1401 2620 1
1401 2645 1
1401 2945 1
1401 3316 1
1401 3339 1
1401 3358 1
1401 3562 1
1401 4116 1
1401 4127 1
1401 4266 1
1401 4309 1
1401 4531 1
1401 4575 1
1412 1518 1
1412 1638 1
1412 1945 1
1412 2078 1
1412 2283 1
1412 2337 1
1412 2955 1
1412 3018 1
1412 3080 1
1412 3755 1
1412 3845 1
1412 3866 1
1412 3912 1
1412 3943 1
1412 3959 1
1412 4244 1
1412 4472 1
1412 4487 1
1414 1674 1
1414 2101 1
1414 2221 1
1414 2586 1
1414 3117 1
1414 3229 1
1414 3466 1
1414 4316 1
1415 3006 1
1419 1612 1
1419 1702 1
1419 2341 1
1419 2347 1
1419 4435 1
1426 1825 1
1426 1941 1
1426 1946 1
1426 1953 1
1426 2090 1
1426 2126 1
1426 2241 1
1426 2418 1
1426 2420 1
1426 2567 1
1426 3118 1
1426 3569 1
1426 3578 1
1426 3585 1
1426 3877 1
1426 3993 1
1426 4057 1
1426 4105 1
1426 4112 1
1426 4194 1
1426 4292 1
1426 4378 1
1426 4419 1
1427 1713 1
1427 2609 1
1427 3797 1
1427 3904 1
1429 1455 1
1429 2089 1
1429 2874 1
1437 1497 1
1437 1562 1
1437 2193 1
1437 3188 1
1437 4362 1
1438 3347 1
1441 1913 1
1441 2652 1
1443 1658 1
1443 2138 1
1445 2206 1
1445 2207 1
1445 2459 1
1445 3603 1
1445 4258 1
1445 4314 1
1445 4602 1
1449 1787 1
1455 2089 1
1455 2874 1
1458 2441 1
1459 1922 1
1459 2085 1
1459 2151 1
1459 3088 1
1459 3626 1
1459 4031 1
1468 4140 1
1469 4317 1
1472 1733 1
1472 1928 1
1472 2690 1
1472 2716 1
1472 3031 1
1472 3111 1
1472 4059 1
1472 4182 1
1472 4281 1
1473 1630 1
1475 1539 1
1476 1584 1
1476 1842 1
1476 1937 1
1476 2184 1
1476 2344 1
1476 2491 1
1476 2653 1
1476 2759 1
1476 2802 1
1476 2932 1
1476 3011 1
1476 3131 1
1476 3232 1
1476 3364 1
1476 3586 1
1476 3662 1
1476 3950 1
1476 4025 1
1476 4083 1
1476 4230 1
1480 2498 1
1480 4465 1
1484 1732 1
1484 1749 1
1484 1785 1
1484 2225 1
1484 2248 1
1484 2269 1
1484 2316 1
1484 2338 1
1484 2354 1
1484 2383 1
1484 2667 1
1484 2767 1
1484 2769 1
1484 2811 1
1484 2828 1
1484 2920 1
1484 3089 1
1484 3379 1
1484 3440 1
1484 3488 1
1484 3707 1
1484 3973 1
1484 4004 1
1484 4012 1
1484 4392 1
1484 4397 1
1484 4598 1
1488 2300 1
1488 3893 1
1490 2947 1
1492 4374 1
1494 1498 1
1494 1503 1
1494 1612 1
1494 1702 1
1494 2347 1
1496 1762 1
1496 2053 1
1496 2134 1
1496 2608 1
1496 2793 1
1496 2964 1
1496 3366 1
1496 4516 1
1497 1562 1
1497 2193 1
1497 3188 1
1497 4362 1
1498 1612 1
1498 1702 1
1498 2347 1
1500 2203 1
1500 2968 1
1500 3609 1
1500 4045 1
1500 4503 1
1503 1612 1
1503 1702 1
1506 2991 1
1506 3568 1
1508 2257 1
1508 2469 1
1508 4363 1
1509 2120 1
1509 3085 1
1509 4354 1
1510 2819 1
1511 2484 1
1511 2778 1
1511 3122 1
1511 3221 1
1511 3333 1
1511 3470 1
1511 3933 1
1511 4432 1
1512 2017 1
1512 2820 1
1514 3632 1
1514 3739 1
1517 1735 1
1517 3855 1
1517 3986 1
1518 1638 1
1518 1945 1
1518 2078 1
1518 2283 1
1518 2337 1
1518 2955 1
1518 3018 1
1518 3080 1
1518 3755 1
1518 3845 1
1518 3866 1
1518 3912 1
1518 3943 1
1518 3959 1
1518 4244 1
1518 4472 1
1518 4487 1
1519 1663 1
1519 3616 1
1522 3029 1
1525 3454 1
1525 4358 1
1538 1636 1
1538 2358 1
1538 2453 1
1538 2524 1
1538 3124 1
1538 3184 1
1543 1935 1
1543 2182 1
1543 2206 1
1543 2635 1
1543 2666 1
1543 2772 1
1543 3265 1
1543 3269 1
1543 3343 1
1543 4258 1
1549 1803 1
1549 2951 1
1549 3996 1
1549 4527 1
1549 4587 1
1552 4007 1
1552 4024 1
1552 4588 1
1557 1900 1
1557 2539 1
1557 2645 1
1557 2945 1
1557 3316 1
1557 3339 1
1557 3358 1
1557 3562 1
1557 4127 1
1557 4266 1
1557 4309 1
1562 2193 1
1562 3188 1
1562 4362 1
1565 3093 1
1565 3570 1
1565 3852 1
1565 4414 1
1565 4450 1
1573 2465 1
1573 3384 1
1574 1781 1
1579 1694 1
1579 1738 1
1579 1874 1
1579 1983 1
1579 1993 1
1579 2100 1
1579 2359 1
1579 2403 1
1579 2467 1
1579 2487 1
1579 2509 1
1579 2722 1
1579 2868 1
1579 2931 1
1579 3045 1
1579 3063 1
1579 3132 1
1579 3228 1
1579 3238 1
1579 3262 1
1579 3594 1
1579 3833 1
1579 3835 1
1579 3882 1
1579 3909 1
1579 4051 1
1579 4166 1
1581 1877 1
1582 2985 1
1584 1842 1
1584 1937 1
1584 2184 1
1584 2344 1
1584 2491 1
1584 2653 1
1584 2759 1
1584 2802 1
1584 2932 1
1584 3011 1
1584 3131 1
1584 3232 1
1584 3364 1
1584 3586 1
1584 3662 1
1584 3950 1
1584 4025 1
1584 4083 1
1584 4230 1
1585 2130 1
1587 2070 1
1587 2083 1
1587 2116 1
1587 2285 1
1587 3337 1
1587 3396 1
1587 3884 1
1587 3997 1
1587 4081 1
1587 4136 1
1587 4270 1
1588 1662 1
1588 2161 1
1588 3584 1
1589 1717 1
1589 1795 1
1589 2600 1
1589 2910 1
1589 3302 1
1589 4090 1
1589 4190 1
1601 2914 1
1601 3128 1
1605 1864 1
1605 1871 1
1605 2978 1
1605 3293 1
1605 3813 1
1605 4199 1
1612 1702 1
1612 2341 1
1612 2347 1
1612 4435 1
1616 1881 1
1616 2603 1
1616 3359 1
1618 3515 1
1618 4318 1
1622 1750 1
1622 3004 1
1622 3972 1
1624 1955 1
1624 3112 1
1624 3787 1
1624 3971 1
1624 4027 1
1624 4132 1
1624 4373 1
1624 4391 1
1624 4447 1
1624 4571 1
1628 2180 1
1628 3636 1
1628 4056 1
1628 4418 1
1629 1682 1
1629 3322 1
1629 4441 1
1631 2088 1
1631 2745 1
1631 3155 1
1636 2358 1
1636 2453 1
1636 2524 1
1636 3124 1
1636 3184 1
1638 1945 1
1638 2078 1
1638 2283 1
1638 2337 1
1638 2955 1
1638 3018 1
1638 3080 1
1638 3755 1
1638 3845 1
1638 3866 1
1638 3912 1
1638 3943 1
1638 3959 1
1638 4244 1
1638 4472 1
1638 4487 1
1649 2516 1
1649 3069 1
1649 3982 1
1654 1911 1
1654 2973 1
1654 4089 1
1658 2138 1
1659 3093 1
1659 3425 1
1659 3852 1
1659 4414 1
1662 2161 1
1662 3584 1
1662 3624 1
1663 3616 1
1674 2101 1
1674 2221 1
1674 2586 1
1674 3117 1
1674 3229 1
1674 3466 1
1674 4316 1
1675 2343 1
1675 3491 1
1675 3525 1
1675 3879 1
1679 1841 1
1679 1909 1
1679 2348 1
1679 2609 1
1679 2837 1
1679 2945 1
1679 3339 1
1679 3358 1
1679 3555 1
1679 4269 1
1682 3322 1
1682 4441 1
1686 2104 1
1686 2528 1
1686 2657 1
1686 2805 1
1686 3246 1
1686 3638 1
1686 3970 1
1686 4409 1
1686 4455 1
1686 4597 1
1693 4019 1
1694 1738 1
1694 1874 1
1694 1983 1
1694 1993 1
1694 2100 1
1694 2359 1
1694 2403 1
1694 2467 1
1694 2487 1
1694 2509 1
1694 2722 1
1694 2868 1
1694 2931 1
1694 3045 1
1694 3063 1
1694 3132 1
1694 3228 1
1694 3238 1
1694 3262 1
1694 3594 1
1694 3833 1
1694 3835 1
1694 3882 1
1694 3909 1
1694 4051 1
1694 4166 1
1702 2341 1
1702 2347 1
1702 4435 1
1704 3176 1
1709 2571 1
1709 3344 1
1709 3683 1
1709 4153 1
1713 2609 1
1713 3797 1
1713 3904 1
1717 1795 1
1717 2600 1
1717 2910 1
1717 3302 1
1717 4090 1
1717 4190 1
1720 4593 1
1728 4540 1
1731 2894 1
1731 3546 1
1731 4383 1
1732 1749 1
1732 1785 1
1732 2225 1
1732 2248 1
1732 2269 1
1732 2316 1
1732 2338 1
1732 2354 1
1732 2383 1
1732 2667 1
1732 2767 1
1732 2769 1
1732 2811 1
1732 2828 1
1732 2920 1
1732 3089 1
1732 3379 1
1732 3440 1
1732 3488 1
1732 3707 1
1732 3973 1
1732 4004 1
1732 4012 1
1732 4392 1
1732 4397 1
1732 4598 1
1733 1928 1
1733 2690 1
1733 2716 1
1733 3031 1
1733 3111 1
1733 4059 1
1733 4182 1
1733 4281 1
1735 3855 1
1735 3986 1
1737 2163 1
1738 1874 1
1738 1983 1
1738 1993 1
1738 2100 1
1738 2359 1
1738 2403 1
1738 2467 1
1738 2487 1
1738 2509 1
1738 2722 1
1738 2868 1
1738 2931 1
1738 3045 1
1738 3063 1
1738 3132 1
1738 3228 1
1738 3238 1
1738 3262 1
1738 3594 1
1738 3833 1
1738 3835 1
1738 3882 1
1738 3909 1
1738 4051 1
1738 4166 1
1739 1761 1
1739 1826 1
1739 1885 1
1739 1932 1
1739 1996 1
1739 2062 1
1739 2114 1
1739 2551 1
1739 2862 1
1739 2864 1
1739 2967 1
1739 2970 1
1739 3008 1
1739 3074 1
1739 3332 1
1739 3414 1
1739 3524 1
1739 3589 1
1739 3640 1
1739 3643 1
1739 3839 1
1739 3842 1
1739 3893 1
1739 3929 1
1739 4133 1
1739 4606 1
1740 2318 1
1740 3938 1
1744 2147 1
1744 2701 1
1744 3227 1
1746 1897 1
1746 2005 1
1746 2789 1
1746 3326 1
1746 3436 1
1746 3660 1
1747 1807 1
1747 2069 1
1747 2084 1
1747 2129 1
1747 2485 1
1747 2615 1
1747 2639 1
1747 2903 1
1747 3501 1
1747 3512 1
1747 3521 1
1747 3559 1
1747 3807 1
1747 3896 1
1747 4022 1
1747 4250 1
1747 4401 1
1749 1785 1
1749 2225 1
1749 2248 1
1749 2269 1
1749 2316 1
1749 2338 1
1749 2354 1
1749 2383 1
1749 2667 1
1749 2767 1
1749 2769 1
1749 2811 1
1749 2828 1
1749 2920 1
1749 3089 1
1749 3379 1
1749 3440 1
1749 3488 1
1749 3707 1
1749 3973 1
1749 4004 1
1749 4012 1
1749 4392 1
1749 4397 1
1749 4598 1
1750 3004 1
1750 3972 1
1753 2092 1
1753 2138 1
1753 2353 1
1753 2710 1
1753 3482 1
1753 3790 1
1753 4565 1
1753 4602 1
1753 4603 1
1755 2657 1
1755 2658 1
1755 3246 1
1756 2296 1
1756 3272 1
1756 3399 1
1756 3695 1
1756 3947 1
1756 4404 1
1756 4534 1
1756 4580 1
1761 1826 1
1761 1885 1
1761 1932 1
1761 1996 1
1761 2062 1
1761 2114 1
1761 2551 1
1761 2862 1
1761 2864 1
1761 2967 1
1761 2970 1
1761 3008 1
1761 3074 1
1761 3332 1
1761 3414 1
1761 3524 1
1761 3589 1
1761 3640 1
1761 3643 1
1761 3839 1
1761 3842 1
1761 3893 1
1761 3929 1
1761 4133 1
1761 4606 1
1762 2053 1
1762 2134 1
1762 2608 1
1762 2793 1
1762 2964 1
1762 3366 1
1762 4516 1
1764 2799 1
1764 3193 1
1764 3447 1
1764 4163 1
1765 3684 1
1765 4387 1
1772 3700 1
1772 4267 1
1772 4470 1
1784 3563 1
1784 3820 1
1784 4015 1
1784 4352 1
1784 4380 1
1785 2225 1
1785 2248 1
1785 2269 1
1785 2316 1
1785 2338 1
1785 2354 1
1785 2383 1
1785 2667 1
1785 2767 1
1785 2769 1
1785 2811 1
1785 2828 1
1785 2920 1
1785 3089 1
1785 3379 1
1785 3440 1
1785 3488 1
1785 3707 1
1785 3973 1
1785 4004 1
1785 4012 1
1785 4392 1
1785 4397 1
1785 4598 1
1788 4462 1
1791 3908 1
1795 2600 1
1795 2910 1
1795 3302 1
1795 4090 1
1795 4190 1
1797 2075 1
1797 2234 1
1797 2617 1
1797 4279 1
1800 2866 1
1800 3341 1
1803 1908 1
1803 2951 1
1803 3591 1
1803 4527 1
1807 2069 1
1807 2084 1
1807 2129 1
1807 2485 1
1807 2615 1
1807 2639 1
1807 2903 1
1807 3501 1
1807 3512 1
1807 3521 1
1807 3559 1
1807 3807 1
1807 3896 1
1807 4022 1
1807 4250 1
1807 4401 1
1815 2039 1
1815 2777 1
1815 3412 1
1815 3830 1
1815 4124 1
1815 4218 1
1815 4477 1
1815 4541 1
1815 4566 1
1822 3724 1
1824 2790 1
1825 1941 1
1825 1946 1
1825 1953 1
1825 2090 1
1825 2126 1
1825 2241 1
1825 2418 1
1825 2420 1
1825 2567 1
1825 3118 1
1825 3569 1
1825 3578 1
1825 3585 1
1825 3877 1
1825 3993 1
1825 4057 1
1825 4105 1
1825 4112 1
1825 4194 1
1825 4292 1
1825 4378 1
1825 4419 1
1826 1885 1
1826 1932 1
1826 1996 1
1826 2062 1
1826 2114 1
1826 2551 1
1826 2862 1
1826 2864 1
1826 2967 1
1826 2970 1
1826 3008 1
1826 3074 1
1826 3332 1
1826 3414 1
1826 3524 1
1826 3589 1
1826 3640 1
1826 3643 1
1826 3839 1
1826 3842 1
1826 3893 1
1826 3929 1
1826 4133 1
1826 4606 1
1827 2461 1
1828 1884 1
1828 1942 1
1828 1972 1
1828 2623 1
1828 3485 1
1831 2268 1
1831 2350 1
1831 2481 1
1831 2875 1
1831 2902 1
1831 3956 1
1832 1834 1
1832 3976 1
1833 1851 1
1833 2026 1
1833 2157 1
1833 2425 1
1833 3560 1
1833 3652 1
1833 3797 1
1833 4257 1
1833 4337 1
1834 3976 1
1836 2112 1
1836 2774 1
1837 2048 1
1837 2077 1
1837 3013 1
1837 3853 1
1841 1909 1
1841 2348 1
1841 2609 1
1841 2837 1
1841 2945 1
1841 3339 1
1841 3358 1
1841 3555 1
1841 4269 1
1842 1937 1
1842 2184 1
1842 2344 1
1842 2491 1
1842 2653 1
1842 2759 1
1842 2802 1
1842 2932 1
1842 3011 1
1842 3131 1
1842 3232 1
1842 3364 1
1842 3586 1
1842 3662 1
1842 3950 1
1842 4025 1
1842 4083 1
1842 4230 1
1849 2117 1
1849 3698 1
1851 2026 1
1851 2157 1
1851 2425 1
1851 3560 1
1851 3652 1
1851 3797 1
1851 4257 1
1851 4337 1
1852 2646 1
1852 4008 1
1859 2312 1
1859 4001 1
1859 4537 1
1864 1871 1
1864 2978 1
1864 3293 1
1864 3813 1
1864 4199 1
1866 2088 1
1866 2745 1
1866 3155 1
1866 3894 1
1871 2978 1
1871 3293 1
1871 3813 1
1871 4199 1
1873 3805 1
1873 3878 1
1874 1983 1
1874 1993 1
1874 2100 1
1874 2359 1
1874 2403 1
1874 2467 1
1874 2487 1
1874 2509 1
1874 2722 1
1874 2868 1
1874 2931 1
1874 3045 1
1874 3063 1
1874 3132 1
1874 3228 1
1874 3238 1
1874 3262 1
1874 3594 1
1874 3833 1
1874 3835 1
1874 3882 1
1874 3909 1
1874 4051 1
1874 4166 1
1881 2306 1
1881 2603 1
1881 3359 1
1883 3058 1
1884 1942 1
1884 1972 1
1884 2623 1
1884 3485 1
1885 1932 1
1885 1996 1
1885 2062 1
1885 2114 1
1885 2551 1
1885 2862 1
1885 2864 1
1885 2967 1
1885 2970 1
1885 3008 1
1885 3074 1
1885 3332 1
1885 3414 1
1885 3524 1
1885 3589 1
1885 3640 1
1885 3643 1
1885 3839 1
1885 3842 1
1885 3893 1
1885 3929 1
1885 4133 1
1885 4606 1
1891 2315 1
1891 2448 1
1891 3793 1
1892 3659 1
1892 3745 1
1894 4286 1
1897 2005 1
1897 2789 1
1897 3326 1
1897 3436 1
1897 3660 1
1900 2539 1
1900 2620 1
1900 2645 1
1900 2945 1
1900 3316 1
1900 3339 1
1900 3358 1
1900 3562 1
1900 4116 1
1900 4127 1
1900 4266 1
1900 4309 1
1900 4531 1
1900 4575 1
1907 1931 1
1907 2135 1
1907 2208 1
1907 2331 1
1907 2371 1
1907 2581 1
1907 3241 1
1907 3457 1
1907 3469 1
1907 4434 1
1908 3591 1
1908 3996 1
1909 2348 1
1909 2609 1
1909 2837 1
1909 2945 1
1909 3339 1
1909 3358 1
1909 3555 1
1909 4269 1
1911 2973 1
1911 4089 1
1913 2652 1
1914 2510 1
1914 2546 1
1914 4264 1
1914 4570 1
1922 2085 1
1922 2151 1
1922 3088 1
1922 3626 1
1922 4031 1
1928 2690 1
1928 2716 1
1928 3031 1
1928 3111 1
1928 4059 1
1928 4182 1
1928 4281 1
1929 1981 1
1929 1987 1
1931 2135 1
1931 2208 1
1931 2331 1
1931 2371 1
1931 2581 1
1931 3241 1
1931 3457 1
1931 3469 1
1931 4434 1
1932 1996 1
1932 2062 1
1932 2114 1
1932 2551 1
1932 2862 1
1932 2864 1
1932 2967 1
1932 2970 1
1932 3008 1
1932 3074 1
1932 3332 1
1932 3414 1
1932 3524 1
1932 3589 1
1932 3640 1
1932 3643 1
1932 3839 1
1932 3842 1
1932 3893 1
1932 3929 1
1932 4133 1
1932 4606 1
1933 3404 1
1933 3699 1
1933 4488 1
1934 2310 1
1934 3261 1
1934 4284 1
1935 2182 1
1935 2635 1
1935 2666 1
1935 2772 1
1935 3265 1
1935 3269 1
1935 3343 1
1936 4297 1
1937 2184 1
1937 2344 1
1937 2491 1
1937 2653 1
1937 2759 1
1937 2802 1
1937 2932 1
1937 3011 1
1937 3131 1
1937 3232 1
1937 3364 1
1937 3586 1
1937 3662 1
1937 3950 1
1937 4025 1
1937 4083 1
1937 4230 1
1941 1946 1
1941 1953 1
1941 2090 1
1941 2126 1
1941 2241 1
1941 2418 1
1941 2420 1
1941 2567 1
1941 3118 1
1941 3569 1
1941 3578 1
1941 3585 1
1941 3877 1
1941 3993 1
1941 4057 1
1941 4105 1
1941 4112 1
1941 4194 1
1941 4292 1
1941 4378 1
1941 4419 1
1942 1972 1
1942 2623 1
1942 3485 1
1944 3168 1
1945 2078 1
1945 2283 1
1945 2337 1
1945 2955 1
1945 3018 1
1945 3080 1
1945 3755 1
1945 3845 1
1945 3866 1
1945 3912 1
1945 3943 1
1945 3959 1
1945 4244 1
1945 4472 1
1945 4487 1
1946 1953 1
1946 2090 1
1946 2126 1
1946 2241 1
1946 2418 1
1946 2420 1
1946 2567 1
1946 3118 1
1946 3569 1
1946 3578 1
1946 3585 1
1946 3877 1
1946 3993 1
1946 4057 1
1946 4105 1
1946 4112 1
1946 4194 1
1946 4292 1
1946 4378 1
1946 4419 1
1951 2029 1
1951 4408 1
1951 4469 1
1951 4567 1
1953 2090 1
1953 2126 1
1953 2241 1
1953 2418 1
1953 2420 1
1953 2567 1
1953 3118 1
1953 3569 1
1953 3578 1
1953 3585 1
1953 3877 1
1953 3993 1
1953 4057 1
1953 4105 1
1953 4112 1
1953 4194 1
1953 4292 1
1953 4378 1
1953 4419 1
1955 3112 1
1955 3787 1
1955 3971 1
1955 4027 1
1955 4132 1
1955 4373 1
1955 4391 1
1955 4447 1
1955 4571 1
1959 3091 1
1959 3541 1
1959 3817 1
1959 4521 1
1966 4165 1
1971 2429 1
1972 2623 1
1972 3485 1
1974 3025 1
1980 4016 1
1981 1987 1
1983 1993 1
1983 2100 1
1983 2359 1
1983 2403 1
1983 2467 1
1983 2487 1
1983 2509 1
1983 2722 1
1983 2868 1
1983 2931 1
1983 3045 1
1983 3063 1
1983 3132 1
1983 3228 1
1983 3238 1
1983 3262 1
1983 3594 1
1983 3833 1
1983 3835 1
1983 3882 1
1983 3909 1
1983 4051 1
1983 4166 1
1988 4415 1
1989 3795 1
1993 2100 1
1993 2359 1
1993 2403 1
1993 2467 1
1993 2487 1
1993 2509 1
1993 2722 1
1993 2868 1
1993 2931 1
1993 3045 1
1993 3063 1
1993 3132 1
1993 3228 1
1993 3238 1
1993 3262 1
1993 3594 1
1993 3833 1
1993 3835 1
1993 3882 1
1993 3909 1
1993 4051 1
1993 4166 1
1994 4061 1
1996 2062 1
1996 2114 1
1996 2551 1
1996 2862 1
1996 2864 1
1996 2967 1
1996 2970 1
1996 3008 1
1996 3074 1
1996 3332 1
1996 3414 1
1996 3524 1
1996 3589 1
1996 3640 1
1996 3643 1
1996 3839 1
1996 3842 1
1996 3893 1
1996 3929 1
1996 4133 1
1996 4606 1
2002 2898 1
2002 3566 1
2002 4129 1
2005 2789 1
2005 3326 1
2005 3436 1
2005 3660 1
2006 3280 1
2006 4084 1
2007 2736 1
2007 2961 1
2007 3009 1
2007 3334 1
2007 3719 1
2007 4381 1
2009 2989 1
2021 4569 1
2026 2157 1
2026 2425 1
2026 3560 1
2026 3652 1
2026 3797 1
2026 4257 1
2026 4337 1
2029 4408 1
2029 4469 1
2029 4567 1
2034 3801 1
2039 2777 1
2039 3412 1
2039 3830 1
2039 4124 1
2039 4218 1
2039 4477 1
2039 4541 1
2039 4566 1
2042 3053 1
2042 3236 1
2042 3286 1
2042 3522 1
2048 2077 1
2048 3013 1
2048 3853 1
2051 2697 1
2051 3235 1
2051 3802 1
2053 2134 1
2053 2608 1
2053 2793 1
2053 2964 1
2053 3366 1
2053 4516 1
2062 2114 1
2062 2551 1
2062 2862 1
2062 2864 1
2062 2967 1
2062 2970 1
2062 3008 1
2062 3074 1
2062 3332 1
2062 3414 1
2062 3524 1
2062 3589 1
2062 3640 1
2062 3643 1
2062 3839 1
2062 3842 1
2062 3893 1
2062 3929 1
2062 4133 1
2062 4606 1
2063 3125 1
2063 3402 1
2069 2084 1
2069 2129 1
2069 2485 1
2069 2615 1
2069 2639 1
2069 2903 1
2069 3501 1
2069 3512 1
2069 3521 1
2069 3559 1
2069 3807 1
2069 3896 1
2069 4022 1
2069 4250 1
2069 4401 1
2070 2083 1
2070 2116 1
2070 2285 1
2070 3337 1
2070 3396 1
2070 3884 1
2070 3997 1
2070 4081 1
2070 4136 1
2070 4270 1
2075 2234 1
2075 2617 1
2075 4279 1
2077 3013 1
2077 3853 1
2078 2283 1
2078 2337 1
2078 2955 1
2078 3018 1
2078 3080 1
2078 3755 1
2078 3845 1
2078 3866 1
2078 3912 1
2078 3943 1
2078 3959 1
2078 4244 1
2078 4472 1
2078 4487 1
2079 2104 1
2079 2658 1
2079 3246 1
2079 4455 1
2079 4597 1
2082 4184 1
2083 2116 1
2083 2285 1
2083 3337 1
2083 3396 1
2083 3884 1
2083 3997 1
2083 4081 1
2083 4136 1
2083 4270 1
2084 2129 1
2084 2485 1
2084 2615 1
2084 2639 1
2084 2903 1
2084 3501 1
2084 3512 1
2084 3521 1
2084 3559 1
2084 3807 1
2084 3896 1
2084 4022 1
2084 4250 1
2084 4401 1
2085 2151 1
2085 3088 1
2085 3626 1
2085 4031 1
2087 2869 1
2087 3650 1
2087 3703 1
2087 4343 1
2088 2745 1
2088 3155 1
2088 3894 1
2089 2874 1
2090 2126 1
2090 2241 1
2090 2418 1
2090 2420 1
2090 2567 1
2090 3118 1
2090 3569 1
2090 3578 1
2090 3585 1
2090 3877 1
2090 3993 1
2090 4057 1
2090 4105 1
2090 4112 1
2090 4194 1
2090 4292 1
2090 4378 1
2090 4419 1
2092 2138 1
2092 2353 1
2092 2710 1
2092 3482 1
2092 3790 1
2092 4565 1
2092 4602 1
2092 4603 1
2098 2990 1
2098 3829 1
2098 4399 1
2100 2359 1
2100 2403 1
2100 2467 1
2100 2487 1
2100 2509 1
2100 2722 1
2100 2868 1
2100 2931 1
2100 3045 1
2100 3063 1
2100 3132 1
2100 3228 1
2100 3238 1
2100 3262 1
2100 3594 1
2100 3833 1
2100 3835 1
2100 3882 1
2100 3909 1
2100 4051 1
2100 4166 1
2101 2221 1
2101 2586 1
2101 3117 1
2101 3229 1
2101 3466 1
2101 4316 1
2104 2528 1
2104 2657 1
2104 2805 1
2104 3246 1
2104 3638 1
2104 3970 1
2104 4409 1
2104 4455 1
2104 4597 1
2109 2397 1
2112 2774 1
2114 2551 1
2114 2862 1
2114 2864 1
2114 2967 1
2114 2970 1
2114 3008 1
2114 3074 1
2114 3332 1
2114 3414 1
2114 3524 1
2114 3589 1
2114 3640 1
2114 3643 1
2114 3839 1
2114 3842 1
2114 3893 1
2114 3929 1
2114 4133 1
2114 4606 1
2116 2285 1
2116 3337 1
2116 3396 1
2116 3884 1
2116 3997 1
2116 4081 1
2116 4136 1
2116 4270 1
2117 3698 1
2120 3085 1
2120 4354 1
2121 2540 1
2121 2628 1
2121 3687 1
2121 4167 1
2126 2241 1
2126 2418 1
2126 2420 1
2126 2567 1
2126 3118 1
2126 3569 1
2126 3578 1
2126 3585 1
2126 3877 1
2126 3993 1
2126 4057 1
2126 4105 1
2126 4112 1
2126 4194 1
2126 4292 1
2126 4378 1
2126 4419 1
2129 2485 1
2129 2615 1
2129 2639 1
2129 2903 1
2129 3501 1
2129 3512 1
2129 3521 1
2129 3559 1
2129 3807 1
2129 3896 1
2129 4022 1
2129 4250 1
2129 4401 1
2133 2475 1
2133 3824 1
2133 4050 1
2134 2608 1
2134 2793 1
2134 2964 1
2134 3366 1
2134 4516 1
2135 2208 1
2135 2331 1
2135 2581 1
2135 3241 1
2135 3457 1
2135 3469 1
2135 4434 1
2138 2353 1
2138 2710 1
2138 3482 1
2138 3790 1
2138 4565 1
2138 4603 1
2147 2701 1
2147 3227 1
2150 2596 1
2151 3088 1
2151 3626 1
2151 4031 1
2157 2425 1
2157 3560 1
2157 3652 1
2157 3797 1
2157 4257 1
2157 4337 1
2159 3898 1
2161 3584 1
2161 3624 1
2170 4265 1
2176 2287 1
2177 4498 1
2180 3636 1
2180 4056 1
2180 4418 1
2182 2206 1
2182 2635 1
2182 2666 1
2182 2772 1
2182 3265 1
2182 3269 1
2182 3343 1
2182 4258 1
2184 2344 1
2184 2491 1
2184 2653 1
2184 2759 1
2184 2802 1
2184 2932 1
2184 3011 1
2184 3131 1
2184 3232 1
2184 3364 1
2184 3586 1
2184 3662 1
2184 3950 1
2184 4025 1
2184 4083 1
2184 4230 1
2191 4586 1
2193 3188 1
2193 4362 1
2199 2977 1
2199 2994 1
2203 2245 1
2203 2320 1
2203 2327 1
2203 2841 1
2203 2968 1
2203 3609 1
2203 4045 1
2203 4338 1
2203 4503 1
2206 2207 1
2206 2459 1
2206 2666 1
2206 2772 1
2206 3265 1
2206 3269 1
2206 3343 1
2206 4258 1
2206 4602 1
2207 2459 1
2207 2604 1
2207 3603 1
2207 4258 1
2207 4314 1
2207 4602 1
2208 2331 1
2208 2371 1
2208 2581 1
2208 3241 1
2208 3457 1
2208 3469 1
2208 4434 1
2216 2544 1
2216 3867 1
2221 2586 1
2221 3117 1
2221 3229 1
2221 3466 1
2221 4316 1
2222 2348 1
2224 3274 1
2224 4240 1
2225 2248 1
2225 2269 1
2225 2316 1
2225 2338 1
2225 2354 1
2225 2383 1
2225 2667 1
2225 2767 1
2225 2769 1
2225 2811 1
2225 2828 1
2225 2920 1
2225 3089 1
2225 3379 1
2225 3440 1
2225 3488 1
2225 3707 1
2225 3973 1
2225 4004 1
2225 4012 1
2225 4392 1
2225 4397 1
2225 4598 1
2229 3206 1
2232 4324 1
2234 2617 1
2234 4279 1
2241 2418 1
2241 2420 1
2241 2567 1
2241 3118 1
2241 3569 1
2241 3578 1
2241 3585 1
2241 3877 1
2241 3993 1
2241 4057 1
2241 4105 1
2241 4112 1
2241 4194 1
2241 4292 1
2241 4378 1
2241 4419 1
2245 2320 1
2245 2327 1
2245 2841 1
2245 4338 1
2248 2269 1
2248 2316 1
2248 2338 1
2248 2354 1
2248 2383 1
2248 2667 1
2248 2767 1
2248 2769 1
2248 2811 1
2248 2828 1
2248 2920 1
2248 3089 1
2248 3379 1
2248 3440 1
2248 3488 1
2248 3707 1
2248 3973 1
2248 4004 1
2248 4012 1
2248 4392 1
2248 4397 1
2248 4598 1
2250 3381 1
2250 3408 1
2250 3543 1
2257 2469 1
2257 4363 1
2266 2480 1
2266 2494 1
2266 3092 1
2266 3715 1
2266 4209 1
2268 2350 1
2268 2481 1
2268 2875 1
2268 2902 1
2268 3956 1
2269 2316 1
2269 2338 1
2269 2354 1
2269 2383 1
2269 2667 1
2269 2767 1
2269 2769 1
2269 2811 1
2269 2828 1
2269 2920 1
2269 3089 1
2269 3379 1
2269 3440 1
2269 3488 1
2269 3707 1
2269 3973 1
2269 4004 1
2269 4012 1
2269 4392 1
2269 4397 1
2269 4598 1
2283 2337 1
2283 2955 1
2283 3018 1
2283 3080 1
2283 3755 1
2283 3845 1
2283 3866 1
2283 3912 1
2283 3943 1
2283 3959 1
2283 4244 1
2283 4472 1
2283 4487 1
2285 3337 1
2285 3396 1
2285 3884 1
2285 3997 1
2285 4081 1
2285 4136 1
2285 4270 1
2296 3272 1
2296 3399 1
2296 3695 1
2296 3947 1
2296 4404 1
2296 4534 1
2296 4580 1
2300 3893 1
2303 4368 1
2310 3261 1
2310 4284 1
2312 4001 1
2312 4537 1
2315 2448 1
2315 3793 1
2316 2338 1
2316 2354 1
2316 2383 1
2316 2667 1
2316 2767 1
2316 2769 1
2316 2811 1
2316 2828 1
2316 2920 1
2316 3089 1
2316 3379 1
2316 3440 1
2316 3488 1
2316 3707 1
2316 3973 1
2316 4004 1
2316 4012 1
2316 4392 1
2316 4397 1
2316 4598 1
2318 3938 1
2319 3984 1
2319 4106 1
2319 4437 1
2320 2327 1
2320 2841 1
2320 4338 1
2325 3789 1
2327 2841 1
2327 4338 1
2329 4243 1
2329 4461 1
2331 2371 1
2331 2581 1
2331 3241 1
2331 3457 1
2331 3469 1
2331 4434 1
2334 4070 1
2337 2955 1
2337 3018 1
2337 3080 1
2337 3755 1
2337 3845 1
2337 3866 1
2337 3912 1
2337 3943 1
2337 3959 1
2337 4244 1
2337 4472 1
2337 4487 1
2338 2354 1
2338 2383 1
2338 2667 1
2338 2767 1
2338 2769 1
2338 2811 1
2338 2828 1
2338 2920 1
2338 3089 1
2338 3379 1
2338 3440 1
2338 3488 1
2338 3707 1
2338 3973 1
2338 4004 1
2338 4012 1
2338 4392 1
2338 4397 1
2338 4598 1
2340 4047 1
2341 2347 1
2341 4435 1
2343 3491 1
2343 3525 1
2343 3879 1
2344 2491 1
2344 2653 1
2344 2759 1
2344 2802 1
2344 2932 1
2344 3011 1
2344 3131 1
2344 3232 1
2344 3364 1
2344 3586 1
2344 3662 1
2344 3950 1
2344 4025 1
2344 4083 1
2344 4230 1
2347 4435 1
2348 2609 1
2348 2837 1
2348 2945 1
2348 3339 1
2348 3358 1
2348 3555 1
2348 4269 1
2350 2481 1
2350 2875 1
2350 2902 1
2350 3956 1
2353 2710 1
2353 3482 1
2353 3790 1
2353 4565 1
2353 4602 1
2353 4603 1
2354 2383 1
2354 2667 1
2354 2767 1
2354 2769 1
2354 2811 1
2354 2828 1
2354 2920 1
2354 3089 1
2354 3379 1
2354 3440 1
2354 3488 1
2354 3707 1
2354 3973 1
2354 4004 1
2354 4012 1
2354 4392 1
2354 4397 1
2354 4598 1
2358 2453 1
2358 2524 1
2358 3124 1
2358 3184 1
2359 2403 1
2359 2467 1
2359 2487 1
2359 2509 1
2359 2722 1
2359 2868 1
2359 2931 1
2359 3045 1
2359 3063 1
2359 3132 1
2359 3228 1
2359 3238 1
2359 3262 1
2359 3594 1
2359 3833 1
2359 3835 1
2359 3882 1
2359 3909 1
2359 4051 1
2359 4166 1
2362 3518 1
2362 3768 1
2369 3924 1
2369 4149 1
2371 3457 1
2371 3469 1
2371 4434 1
2374 4582 1
2383 2667 1
2383 2767 1
2383 2769 1
2383 2811 1
2383 2828 1
2383 2920 1
2383 3089 1
2383 3379 1
2383 3440 1
2383 3488 1
2383 3707 1
2383 3973 1
2383 4004 1
2383 4012 1
2383 4392 1
2383 4397 1
2383 4598 1
2387 2892 1
2387 3435 1
2387 3836 1
2387 4556 1
2393 3258 1
2398 4440 1
2402 3642 1
2402 4200 1
2403 2467 1
2403 2487 1
2403 2509 1
2403 2722 1
2403 2868 1
2403 2931 1
2403 3045 1
2403 3063 1
2403 3132 1
2403 3228 1
2403 3238 1
2403 3262 1
2403 3594 1
2403 3833 1
2403 3835 1
2403 3882 1
2403 3909 1
2403 4051 1
2403 4166 1
2406 2810 1
2406 3368 1
2406 3827 1
2406 4594 1
2409 3304 1
2409 4087 1
2409 4388 1
2418 2420 1
2418 2567 1
2418 3118 1
2418 3569 1
2418 3578 1
2418 3585 1
2418 3877 1
2418 3993 1
2418 4057 1
2418 4105 1
2418 4112 1
2418 4194 1
2418 4292 1
2418 4378 1
2418 4419 1
2420 2567 1
2420 3118 1
2420 3569 1
2420 3578 1
2420 3585 1
2420 3877 1
2420 3993 1
2420 4057 1
2420 4105 1
2420 4112 1
2420 4194 1
2420 4292 1
2420 4378 1
2420 4419 1
2425 3560 1
2425 3652 1
2425 3797 1
2425 4257 1
2425 4337 1
2426 2913 1
2432 3296 1
2432 4355 1
2433 2834 1
2436 2544 1
2436 2682 1
2436 3867 1
2448 3793 1
2453 2524 1
2453 3124 1
2453 3184 1
2459 3603 1
2459 4258 1
2459 4314 1
2459 4602 1
2463 2568 1
2465 3384 1
2466 3667 1
2467 2487 1
2467 2509 1
2467 2722 1
2467 2868 1
2467 2931 1
2467 3045 1
2467 3063 1
2467 3132 1
2467 3228 1
2467 3238 1
2467 3262 1
2467 3594 1
2467 3833 1
2467 3835 1
2467 3882 1
2467 3909 1
2467 4051 1
2467 4166 1
2469 4363 1
2471 2786 1
2475 3824 1
2475 4050 1
2480 2494 1
2480 3092 1
2480 3715 1
2480 4209 1
2481 2875 1
2481 2902 1
2481 3956 1
2484 2778 1
2484 3122 1
2484 3221 1
2484 3333 1
2484 3470 1
2484 3933 1
2484 4432 1
2485 2615 1
2485 2639 1
2485 2903 1
2485 3501 1
2485 3512 1
2485 3521 1
2485 3559 1
2485 3807 1
2485 3896 1
2485 4022 1
2485 4250 1
2485 4401 1
2487 2509 1
2487 2722 1
2487 2868 1
2487 2931 1
2487 3045 1
2487 3063 1
2487 3132 1
2487 3228 1
2487 3238 1
2487 3262 1
2487 3594 1
2487 3833 1
2487 3835 1
2487 3882 1
2487 3909 1
2487 4051 1
2487 4166 1
2491 2653 1
2491 2759 1
2491 2802 1
2491 2932 1
2491 3011 1
2491 3131 1
2491 3232 1
2491 3364 1
2491 3586 1
2491 3662 1
2491 3950 1
2491 4025 1
2491 4083 1
2491 4230 1
2494 3092 1
2494 3715 1
2494 4209 1
2496 4336 1
2498 4465 1
2506 3351 1
2509 2722 1
2509 2868 1
2509 2931 1
2509 3045 1
2509 3063 1
2509 3132 1
2509 3228 1
2509 3238 1
2509 3262 1
2509 3594 1
2509 3833 1
2509 3835 1
2509 3882 1
2509 3909 1
2509 4051 1
2509 4166 1
2510 2546 1
2510 4264 1
2510 4570 1
2513 3915 1
2513 4033 1
2513 4475 1
2515 3195 1
2515 4550 1
2516 3069 1
2516 3982 1
2524 3124 1
2524 3184 1
2528 2657 1
2528 2805 1
2528 3246 1
2528 3638 1
2528 3970 1
2528 4409 1
2528 4455 1
2528 4597 1
2537 3915 1
2539 2645 1
2539 2945 1
2539 3316 1
2539 3339 1
2539 3358 1
2539 3562 1
2539 4127 1
2539 4266 1
2539 4309 1
2540 2628 1
2540 3687 1
2540 4167 1
2542 4236 1
2544 2682 1
2544 3867 1
2546 4264 1
2546 4570 1
2549 3339 1
2549 4473 1
2551 2862 1
2551 2864 1
2551 2967 1
2551 2970 1
2551 3008 1
2551 3074 1
2551 3332 1
2551 3414 1
2551 3524 1
2551 3589 1
2551 3640 1
2551 3643 1
2551 3839 1
2551 3842 1
2551 3893 1
2551 3929 1
2551 4133 1
2551 4606 1
2556 3721 1
2556 4076 1
2557 2664 1
2557 4339 1
2560 3230 1
2562 4289 1
2563 4451 1
2567 3118 1
2567 3569 1
2567 3578 1
2567 3585 1
2567 3877 1
2567 3993 1
2567 4057 1
2567 4105 1
2567 4112 1
2567 4194 1
2567 4292 1
2567 4378 1
2567 4419 1
2571 3344 1
2571 3683 1
2571 4153 1
2577 3605 1
2580 3576 1
2580 3679 1
2581 3241 1
2581 3457 1
2581 3469 1
2581 4434 1
2586 3117 1
2586 3229 1
2586 3466 1
2586 4316 1
2588 3372 1
2590 3480 1
2590 4347 1
2593 2631 1
2593 3079 1
2593 3172 1
2593 3301 1
2593 3324 1
2593 4555 1
2600 2910 1
2600 3302 1
2600 4090 1
2600 4190 1
2603 3359 1
2604 2784 1
2604 3557 1
2604 3904 1
2608 2793 1
2608 2964 1
2608 3366 1
2608 4516 1
2609 2837 1
2609 2945 1
2609 3339 1
2609 3358 1
2609 3555 1
2609 3797 1
2609 4269 1
2610 3062 1
2610 3431 1
2610 3779 1
2610 3792 1
2610 3847 1
2615 2639 1
2615 2903 1
2615 3501 1
2615 3512 1
2615 3521 1
2615 3559 1
2615 3807 1
2615 3896 1
2615 4022 1
2615 4250 1
2615 4401 1
2617 4279 1
2620 4116 1
2620 4127 1
2620 4531 1
2620 4575 1
2622 4304 1
2623 3485 1
2628 3687 1
2628 4167 1
2631 3079 1
2631 3172 1
2631 3301 1
2631 3324 1
2631 4555 1
2635 2666 1
2635 2772 1
2635 3265 1
2635 3269 1
2635 3343 1
2635 3690 1
2637 3706 1
2639 2686 1
2639 2903 1
2639 3501 1
2639 3512 1
2639 3521 1
2639 3559 1
2639 3807 1
2639 3896 1
2639 4022 1
2639 4250 1
2639 4401 1
2645 2945 1
2645 3316 1
2645 3339 1
2645 3358 1
2645 3562 1
2645 4127 1
2645 4266 1
2645 4309 1
2646 4008 1
2647 4483 1
2653 2759 1
2653 2802 1
2653 2932 1
2653 3011 1
2653 3131 1
2653 3232 1
2653 3364 1
2653 3586 1
2653 3662 1
2653 3950 1
2653 4025 1
2653 4083 1
2653 4230 1
2657 2805 1
2657 3246 1
2657 3638 1
2657 3970 1
2657 4409 1
2657 4455 1
2657 4597 1
2661 3354 1
2666 2772 1
2666 3265 1
2666 3269 1
2666 3343 1
2666 4258 1
2667 2767 1
2667 2769 1
2667 2811 1
2667 2828 1
2667 2920 1
2667 3089 1
2667 3379 1
2667 3440 1
2667 3488 1
2667 3707 1
2667 3973 1
2667 4004 1
2667 4012 1
2667 4392 1
2667 4397 1
2667 4598 1
2673 4302 1
2678 3154 1
2678 4305 1
2678 4524 1
2682 3867 1
2690 2716 1
2690 3031 1
2690 3111 1
2690 4059 1
2690 4182 1
2690 4281 1
2697 3235 1
2697 3802 1
2701 3227 1
2704 4298 1
2709 3665 1
2710 3482 1
2710 3790 1
2710 4565 1
2710 4603 1
2716 3031 1
2716 3111 1
2716 4059 1
2716 4182 1
2716 4281 1
2722 2868 1
2722 2931 1
2722 3045 1
2722 3063 1
2722 3132 1
2722 3228 1
2722 3238 1
2722 3262 1
2722 3594 1
2722 3833 1
2722 3835 1
2722 3882 1
2722 3909 1
2722 4051 1
2722 4166 1
2736 2766 1
2736 2961 1
2736 3009 1
2736 3334 1
2736 3719 1
2736 4381 1
2745 3155 1
2745 3894 1
2746 3921 1
2752 4260 1
2759 2802 1
2759 2932 1
2759 3011 1
2759 3131 1
2759 3232 1
2759 3364 1
2759 3586 1
2759 3662 1
2759 3950 1
2759 4025 1
2759 4083 1
2759 4230 1
2760 3778 1
2764 3178 1
2764 4376 1
2766 2961 1
2766 3334 1
2766 3719 1
2766 4381 1
2767 2769 1
2767 2811 1
2767 2828 1
2767 2920 1
2767 3089 1
2767 3379 1
2767 3440 1
2767 3488 1
2767 3707 1
2767 3973 1
2767 4004 1
2767 4012 1
2767 4392 1
2767 4397 1
2767 4598 1
2769 2811 1
2769 2828 1
2769 2920 1
2769 3089 1
2769 3379 1
2769 3440 1
2769 3488 1
2769 3707 1
2769 3973 1
2769 4004 1
2769 4012 1
2769 4392 1
2769 4397 1
2769 4598 1
2772 3265 1
2772 3269 1
2772 3343 1
2772 4258 1
2777 3412 1
2777 3830 1
2777 4124 1
2777 4218 1
2777 4477 1
2777 4541 1
2777 4566 1
2778 3122 1
2778 3221 1
2778 3333 1
2778 3470 1
2778 3933 1
2778 4432 1
2784 3557 1
2787 3372 1
2789 3326 1
2789 3436 1
2789 3660 1
2793 2964 1
2793 3366 1
2793 4516 1
2798 3094 1
2799 3193 1
2799 3447 1
2799 4163 1
2802 2932 1
2802 3011 1
2802 3131 1
2802 3232 1
2802 3364 1
2802 3586 1
2802 3662 1
2802 3950 1
2802 4025 1
2802 4083 1
2802 4230 1
2805 3246 1
2805 3638 1
2805 3970 1
2805 4409 1
2805 4455 1
2805 4597 1
2810 3368 1
2810 3827 1
2810 4594 1
2811 2828 1
2811 2920 1
2811 3089 1
2811 3379 1
2811 3440 1
2811 3488 1
2811 3707 1
2811 3973 1
2811 4004 1
2811 4012 1
2811 4392 1
2811 4397 1
2811 4598 1
2813 3818 1
2828 2920 1
2828 3089 1
2828 3379 1
2828 3440 1
2828 3488 1
2828 3707 1
2828 3973 1
2828 4004 1
2828 4012 1
2828 4392 1
2828 4397 1
2828 4598 1
2832 3847 1
2837 2945 1
2837 3339 1
2837 3358 1
2837 3555 1
2837 4269 1
2838 3705 1
2841 4338 1
2842 3020 1
2842 3551 1
2853 3581 1
2862 2864 1
2862 2967 1
2862 2970 1
2862 3008 1
2862 3074 1
2862 3332 1
2862 3414 1
2862 3524 1
2862 3589 1
2862 3640 1
2862 3643 1
2862 3839 1
2862 3842 1
2862 3893 1
2862 3929 1
2862 4133 1
2862 4606 1
2863 4564 1
2864 2967 1
2864 2970 1
2864 3008 1
2864 3074 1
2864 3332 1
2864 3414 1
2864 3524 1
2864 3589 1
2864 3640 1
2864 3643 1
2864 3839 1
2864 3842 1
2864 3893 1
2864 3929 1
2864 4133 1
2864 4606 1
2866 3341 1
2868 2931 1
2868 3045 1
2868 3063 1
2868 3132 1
2868 3228 1
2868 3238 1
2868 3262 1
2868 3594 1
2868 3833 1
2868 3835 1
2868 3882 1
2868 3909 1
2868 4051 1
2868 4166 1
2869 3650 1
2869 3703 1
2869 4343 1
2873 3777 1
2875 2902 1
2875 3956 1
2891 2933 1
2891 2995 1
2891 3405 1
2891 3561 1
2891 4217 1
2891 4366 1
2892 3435 1
2892 3836 1
2892 4556 1
2894 3546 1
2894 4383 1
2898 3566 1
2898 4129 1
2899 4480 1
2902 3956 1
2903 3501 1
2903 3512 1
2903 3521 1
2903 3559 1
2903 3807 1
2903 3896 1
2903 4022 1
2903 4250 1
2903 4401 1
2910 3302 1
2910 4090 1
2910 4190 1
2914 3128 1
2920 3089 1
2920 3379 1
2920 3440 1
2920 3488 1
2920 3707 1
2920 3973 1
2920 4004 1
2920 4012 1
2920 4392 1
2920 4397 1
2920 4598 1
2925 3194 1
2930 2983 1
2931 3045 1
2931 3063 1
2931 3132 1
2931 3228 1
2931 3238 1
2931 3262 1
2931 3594 1
2931 3833 1
2931 3835 1
2931 3882 1
2931 3909 1
2931 4051 1
2931 4166 1
2932 3011 1
2932 3131 1
2932 3232 1
2932 3364 1
2932 3586 1
2932 3662 1
2932 3950 1
2932 4025 1
2932 4083 1
2932 4230 1
2933 2995 1
2933 3405 1
2933 3561 1
2933 4217 1
2933 4366 1
2945 3316 1
2945 3339 1
2945 3358 1
2945 3555 1
2945 3562 1
2945 4127 1
2945 4266 1
2945 4269 1
2945 4309 1
2950 4464 1
2951 3996 1
2951 4527 1
2951 4587 1
2955 3018 1
2955 3080 1
2955 3755 1
2955 3845 1
2955 3866 1
2955 3912 1
2955 3943 1
2955 3959 1
2955 4244 1
2955 4472 1
2955 4487 1
2956 4285 1
2961 3009 1
2961 3334 1
2961 3719 1
2961 4381 1
2964 3366 1
2964 4516 1
2967 2970 1
2967 3008 1
2967 3074 1
2967 3332 1
2967 3414 1
2967 3524 1
2967 3589 1
2967 3640 1
2967 3643 1
2967 3839 1
2967 3842 1
2967 3893 1
2967 3929 1
2967 4133 1
2967 4606 1
2968 3609 1
2968 4045 1
2968 4503 1
2970 3008 1
2970 3074 1
2970 3332 1
2970 3414 1
2970 3524 1
2970 3589 1
2970 3640 1
2970 3643 1
2970 3839 1
2970 3842 1
2970 3893 1
2970 3929 1
2970 4133 1
2970 4606 1
2973 4089 1
2975 3646 1
2977 2994 1
2978 3293 1
2978 3813 1
2978 4199 1
2990 3829 1
2990 4399 1
2991 3568 1
2993 3762 1
2993 3983 1
2995 3405 1
2995 3561 1
2995 4217 1
2995 4366 1
3002 3749 1
3004 3972 1
3008 3074 1
3008 3332 1
3008 3414 1
3008 3524 1
3008 3589 1
3008 3640 1
3008 3643 1
3008 3839 1
3008 3842 1
3008 3893 1
3008 3929 1
3008 4133 1
3008 4606 1
3009 3334 1
3009 3719 1
3009 4381 1
3011 3131 1
3011 3232 1
3011 3364 1
3011 3586 1
3011 3662 1
3011 3950 1
3011 4025 1
3011 4083 1
3011 4230 1
3013 3853 1
3017 4559 1
3018 3080 1
3018 3755 1
3018 3845 1
3018 3866 1
3018 3912 1
3018 3943 1
3018 3959 1
3018 4244 1
3018 4472 1
3018 4487 1
3020 3551 1
3026 3319 1
3027 3906 1
3030 3413 1
3030 3611 1
3031 3111 1
3031 4059 1
3031 4182 1
3031 4281 1
3038 4557 1
3045 3063 1
3045 3132 1
3045 3228 1
3045 3238 1
3045 3262 1
3045 3594 1
3045 3833 1
3045 3835 1
3045 3882 1
3045 3909 1
3045 4051 1
3045 4166 1
3052 3240 1
3053 3236 1
3053 3286 1
3053 3522 1
3055 3901 1
3062 3431 1
3062 3779 1
3062 3792 1
3062 3847 1
3063 3132 1
3063 3228 1
3063 3238 1
3063 3262 1
3063 3594 1
3063 3833 1
3063 3835 1
3063 3882 1
3063 3909 1
3063 4051 1
3063 4166 1
3069 3982 1
3074 3332 1
3074 3414 1
3074 3524 1
3074 3589 1
3074 3640 1
3074 3643 1
3074 3839 1
3074 3842 1
3074 3893 1
3074 3929 1
3074 4133 1
3074 4606 1
3078 4232 1
3078 4430 1
3079 3172 1
3079 3301 1
3079 3324 1
3079 4555 1
3080 3755 1
3080 3845 1
3080 3866 1
3080 3912 1
3080 3943 1
3080 3959 1
3080 4244 1
3080 4472 1
3080 4487 1
3084 4174 1
3085 4354 1
3088 3626 1
3088 4031 1
3089 3379 1
3089 3440 1
3089 3488 1
3089 3707 1
3089 3973 1
3089 4004 1
3089 4012 1
3089 4392 1
3089 4397 1
3089 4598 1
3091 3541 1
3091 3817 1
3091 4521 1
3092 3715 1
3092 4209 1
3093 3425 1
3093 3570 1
3093 3852 1
3093 4414 1
3093 4450 1
3101 4539 1
3111 4059 1
3111 4182 1
3111 4281 1
3112 3787 1
3112 3971 1
3112 4027 1
3112 4132 1
3112 4373 1
3112 4391 1
3112 4447 1
3112 4571 1
3116 3452 1
3116 3665 1
3117 3229 1
3117 3466 1
3117 4316 1
3118 3569 1
3118 3578 1
3118 3585 1
3118 3877 1
3118 3993 1
3118 4057 1
3118 4105 1
3118 4112 1
3118 4194 1
3118 4292 1
3118 4378 1
3118 4419 1
3122 3221 1
3122 3333 1
3122 3470 1
3122 3933 1
3122 4432 1
3123 3549 1
3124 3184 1
3125 3402 1
3131 3232 1
3131 3364 1
3131 3586 1
3131 3662 1
3131 3950 1
3131 4025 1
3131 4083 1
3131 4230 1
3132 3228 1
3132 3238 1
3132 3262 1
3132 3594 1
3132 3833 1
3132 3835 1
3132 3882 1
3132 3909 1
3132 4051 1
3132 4166 1
3154 4305 1
3154 4524 1
3155 3894 1
3158 4009 1
3158 4587 1
3163 3754 1
3164 4493 1
3172 3301 1
3172 3324 1
3172 4555 1
3178 4376 1
3188 4362 1
3193 3447 1
3193 4163 1
3195 4550 1
3221 3333 1
3221 3470 1
3221 3933 1
3221 4432 1
3228 3238 1
3228 3262 1
3228 3594 1
3228 3833 1
3228 3835 1
3228 3882 1
3228 3909 1
3228 4051 1
3228 4166 1
3229 3466 1
3229 4316 1
3232 3364 1
3232 3586 1
3232 3662 1
3232 3950 1
3232 4025 1
3232 4083 1
3232 4230 1
3235 3802 1
3236 3286 1
3236 3522 1
3238 3262 1
3238 3594 1
3238 3833 1
3238 3835 1
3238 3882 1
3238 3909 1
3238 4051 1
3238 4166 1
3241 3457 1
3241 3469 1
3241 4434 1
3244 3857 1
3246 3638 1
3246 3970 1
3246 4409 1
3246 4455 1
3246 4597 1
3261 4284 1
3262 3594 1
3262 3833 1
3262 3835 1
3262 3882 1
3262 3909 1
3262 4051 1
3262 4166 1
3265 3269 1
3265 3343 1
3265 4258 1
3267 3276 1
3267 3292 1
3267 3723 1
3269 3343 1
3269 4258 1
3272 3399 1
3272 3695 1
3272 3947 1
3272 4404 1
3272 4534 1
3272 4580 1
3274 4240 1
3276 3292 1
3276 3723 1
3280 4084 1
3286 3522 1
3292 3723 1
3293 3813 1
3293 4199 1
3296 4355 1
3301 3324 1
3301 4555 1
3302 4090 1
3302 4190 1
3304 4087 1
3304 4388 1
3316 3339 1
3316 3358 1
3316 3562 1
3316 4127 1
3316 4266 1
3316 4309 1
3322 4441 1
3324 4555 1
3326 3436 1
3326 3660 1
3332 3414 1
3332 3524 1
3332 3589 1
3332 3640 1
3332 3643 1
3332 3839 1
3332 3842 1
3332 3893 1
3332 3929 1
3332 4133 1
3332 4606 1
3333 3470 1
3333 3933 1
3333 4432 1
3334 3719 1
3334 4381 1
3337 3396 1
3337 3884 1
3337 3997 1
3337 4081 1
3337 4136 1
3337 4270 1
3339 3358 1
3339 3555 1
3339 3562 1
3339 4127 1
3339 4266 1
3339 4269 1
3339 4309 1
3339 4473 1
3343 4258 1
3344 3683 1
3344 4153 1
3358 3555 1
3358 3562 1
3358 4127 1
3358 4266 1
3358 4269 1
3358 4309 1
3364 3586 1
3364 3662 1
3364 3950 1
3364 4025 1
3364 4083 1
3364 4230 1
3366 4516 1
3368 3827 1
3368 4594 1
3371 4216 1
3379 3440 1
3379 3488 1
3379 3707 1
3379 3973 1
3379 4004 1
3379 4012 1
3379 4392 1
3379 4397 1
3379 4598 1
3381 3408 1
3381 3543 1
3388 3731 1
3396 3884 1
3396 3997 1
3396 4081 1
3396 4136 1
3396 4270 1
3399 3695 1
3399 3947 1
3399 4404 1
3399 4534 1
3399 4580 1
3403 4344 1
3404 3699 1
3404 4488 1
3405 3561 1
3405 4217 1
3405 4366 1
3406 3784 1
3408 3543 1
3412 3830 1
3412 4124 1
3412 4218 1
3412 4477 1
3412 4541 1
3412 4566 1
3413 3611 1
3414 3524 1
3414 3589 1
3414 3640 1
3414 3643 1
3414 3839 1
3414 3842 1
3414 3893 1
3414 3929 1
3414 4133 1
3414 4606 1
3425 3852 1
3425 4414 1
3431 3779 1
3431 3792 1
3431 3847 1
3435 3836 1
3435 4556 1
3436 3660 1
3438 4191 1
3440 3488 1
3440 3707 1
3440 3973 1
3440 4004 1
3440 4012 1
3440 4392 1
3440 4397 1
3440 4598 1
3446 4023 1
3446 4350 1
3447 4163 1
3452 3665 1
3454 4358 1
3457 3469 1
3457 4434 1
3462 4520 1
3466 4316 1
3467 3540 1
3467 4505 1
3469 4434 1
3470 3933 1
3470 4432 1
3475 3891 1
3475 4113 1
3475 4273 1
3480 4347 1
3481 4183 1
3482 3790 1
3482 4565 1
3482 4602 1
3482 4603 1
3488 3707 1
3488 3973 1
3488 4004 1
3488 4012 1
3488 4392 1
3488 4397 1
3488 4598 1
3491 3500 1
3491 3525 1
3491 3879 1
3491 4034 1
3500 4034 1
3501 3512 1
3501 3521 1
3501 3559 1
3501 3807 1
3501 3896 1
3501 4022 1
3501 4250 1
3501 4401 1
3512 3521 1
3512 3559 1
3512 3807 1
3512 3896 1
3512 4022 1
3512 4250 1
3512 4401 1
3515 4318 1
3518 3768 1
3521 3559 1
3521 3807 1
3521 3896 1
3521 4022 1
3521 4250 1
3521 4401 1
3524 3589 1
3524 3640 1
3524 3643 1
3524 3839 1
3524 3842 1
3524 3893 1
3524 3929 1
3524 4133 1
3524 4606 1
3525 3879 1
3537 4158 1
3540 4505 1
3541 3817 1
3541 4521 1
3545 4041 1
3546 4383 1
3555 4269 1
3557 3904 1
3559 3807 1
3559 3896 1
3559 4022 1
3559 4250 1
3559 4401 1
3560 3652 1
3560 3797 1
3560 4257 1
3560 4337 1
3561 4217 1
3561 4366 1
3562 4127 1
3562 4266 1
3562 4309 1
3563 3820 1
3563 4015 1
3563 4352 1
3563 4380 1
3566 4129 1
3569 3578 1
3569 3585 1
3569 3877 1
3569 3993 1
3569 4057 1
3569 4105 1
3569 4112 1
3569 4194 1
3569 4292 1
3569 4378 1
3569 4419 1
3570 3852 1
3570 4414 1
3570 4450 1
3571 4560 1
3572 3682 1
3572 4479 1
3576 3679 1
3578 3585 1
3578 3877 1
3578 3993 1
3578 4057 1
3578 4105 1
3578 4112 1
3578 4194 1
3578 4292 1
3578 4378 1
3578 4419 1
3584 3624 1
3585 3877 1
3585 3993 1
3585 4057 1
3585 4105 1
3585 4112 1
3585 4194 1
3585 4292 1
3585 4378 1
3585 4419 1
3586 3662 1
3586 3950 1
3586 4025 1
3586 4083 1
3586 4230 1
3589 3640 1
3589 3643 1
3589 3839 1
3589 3842 1
3589 3893 1
3589 3929 1
3589 4133 1
3589 4606 1
3591 3996 1
3594 3833 1
3594 3835 1
3594 3882 1
3594 3909 1
3594 4051 1
3594 4166 1
3598 4005 1
3603 4314 1
3609 4045 1
3609 4503 1
3615 4245 1
3626 4031 1
3632 3739 1
3634 3750 1
3636 4056 1
3636 4418 1
3638 3970 1
3638 4409 1
3638 4455 1
3638 4597 1
3640 3643 1
3640 3839 1
3640 3842 1
3640 3893 1
3640 3929 1
3640 4133 1
3640 4606 1
3642 4200 1
3643 3839 1
3643 3842 1
3643 3893 1
3643 3929 1
3643 4133 1
3643 4606 1
3650 3703 1
3650 4343 1
3652 3797 1
3652 4257 1
3652 4337 1
3659 3745 1
3662 3950 1
3662 4025 1
3662 4083 1
3662 4230 1
3670 3672 1
3670 4280 1
3672 4280 1
3682 4479 1
3683 4153 1
3684 4387 1
3687 4167 1
3695 3947 1
3695 4404 1
3695 4534 1
3695 4580 1
3699 4488 1
3700 4267 1
3700 4470 1
3703 4343 1
3707 3973 1
3707 4004 1
3707 4012 1
3707 4392 1
3707 4397 1
3707 4598 1
3715 4209 1
3719 4381 1
3721 4076 1
3755 3845 1
3755 3866 1
3755 3912 1
3755 3943 1
3755 3959 1
3755 4244 1
3755 4472 1
3755 4487 1
3762 3983 1
3779 3792 1
3779 3847 1
3787 3971 1
3787 4027 1
3787 4132 1
3787 4373 1
3787 4391 1
3787 4447 1
3787 4571 1
3790 4565 1
3790 4602 1
3790 4603 1
3792 3847 1
3797 4257 1
3797 4337 1
3807 3896 1
3807 4022 1
3807 4250 1
3807 4401 1
3813 4199 1
3817 4521 1
3820 4015 1
3820 4352 1
3820 4380 1
3824 4050 1
3827 4594 1
3829 4399 1
3830 4124 1
3830 4218 1
3830 4477 1
3830 4541 1
3830 4566 1
3833 3835 1
3833 3882 1
3833 3909 1
3833 4051 1
3833 4166 1
3835 3882 1
3835 3909 1
3835 4051 1
3835 4166 1
3836 4556 1
3839 3842 1
3839 3893 1
3839 3929 1
3839 4133 1
3839 4606 1
3842 3893 1
3842 3929 1
3842 4133 1
3842 4606 1
3845 3866 1
3845 3912 1
3845 3943 1
3845 3959 1
3845 4244 1
3845 4472 1
3845 4487 1
3852 4414 1
3852 4450 1
3855 3986 1
3863 4335 1
3866 3912 1
3866 3943 1
3866 3959 1
3866 4244 1
3866 4472 1
3866 4487 1
3877 3993 1
3877 4057 1
3877 4105 1
3877 4112 1
3877 4194 1
3877 4292 1
3877 4378 1
3877 4419 1
3882 3909 1
3882 4051 1
3882 4166 1
3884 3997 1
3884 4081 1
3884 4136 1
3884 4270 1
3887 4095 1
3888 4542 1
3891 4113 1
3891 4273 1
3893 3929 1
3893 4133 1
3893 4606 1
3896 4022 1
3896 4250 1
3896 4401 1
3909 4051 1
3909 4166 1
3912 3943 1
3912 3959 1
3912 4244 1
3912 4472 1
3912 4487 1
3915 4033 1
3915 4475 1
3924 4149 1
3929 4133 1
3929 4606 1
3933 4432 1
3943 3959 1
3943 4244 1
3943 4472 1
3943 4487 1
3947 4404 1
3947 4534 1
3947 4580 1
3950 4025 1
3950 4083 1
3950 4230 1
3959 4244 1
3959 4472 1
3959 4487 1
3970 4409 1
3970 4455 1
3970 4597 1
3971 4027 1
3971 4132 1
3971 4373 1
3971 4391 1
3971 4447 1
3971 4571 1
3973 4004 1
3973 4012 1
3973 4392 1
3973 4397 1
3973 4598 1
3984 4106 1
3984 4437 1
3991 4207 1
3991 4334 1
3993 4057 1
3993 4105 1
3993 4112 1
3993 4194 1
3993 4292 1
3993 4378 1
3993 4419 1
3996 4527 1
3996 4587 1
3997 4081 1
3997 4136 1
3997 4270 1
4001 4537 1
4004 4012 1
4004 4392 1
4004 4397 1
4004 4598 1
4007 4024 1
4007 4588 1
4009 4587 1
4012 4392 1
4012 4397 1
4012 4598 1
4015 4352 1
4015 4380 1
4021 4222 1
4021 4438 1
4022 4250 1
4022 4401 1
4023 4350 1
4024 4588 1
4025 4083 1
4025 4230 1
4027 4132 1
4027 4373 1
4027 4391 1
4027 4447 1
4027 4571 1
4033 4475 1
4045 4503 1
4051 4166 1
4056 4418 1
4057 4105 1
4057 4112 1
4057 4194 1
4057 4292 1
4057 4378 1
4057 4419 1
4059 4182 1
4059 4281 1
4081 4136 1
4081 4270 1
4083 4230 1
4087 4388 1
4090 4190 1
4105 4112 1
4105 4194 1
4105 4292 1
4105 4378 1
4105 4419 1
4106 4437 1
4112 4194 1
4112 4292 1
4112 4378 1
4112 4419 1
4113 4273 1
4116 4127 1
4116 4531 1
4116 4575 1
4121 4278 1
4124 4218 1
4124 4477 1
4124 4541 1
4124 4566 1
4127 4266 1
4127 4309 1
4127 4531 1
4127 4575 1
4132 4373 1
4132 4391 1
4132 4447 1
4132 4571 1
4133 4606 1
4136 4270 1
4141 4193 1
4182 4281 1
4194 4292 1
4194 4378 1
4194 4419 1
4207 4334 1
4217 4366 1
4218 4477 1
4218 4541 1
4218 4566 1
4222 4438 1
4232 4430 1
4234 4268 1
4243 4461 1
4244 4472 1
4244 4487 1
4250 4401 1
4257 4337 1
4258 4602 1
4264 4570 1
4266 4309 1
4267 4470 1
4292 4378 1
4292 4419 1
4305 4524 1
4352 4380 1
4373 4391 1
4373 4447 1
4373 4571 1
4378 4419 1
4391 4447 1
4391 4571 1
4392 4397 1
4392 4598 1
4397 4598 1
4404 4534 1
4404 4580 1
4408 4469 1
4408 4567 1
4409 4455 1
4409 4597 1
4414 4450 1
4447 4571 1
4455 4597 1
4469 4567 1
4472 4487 1
4477 4541 1
4477 4566 1
4527 4587 1
4531 4575 1
4534 4580 1
4541 4566 1
4565 4602 1
4565 4603 1
4602 4603 1
