0 1606 757 2728 500 2446 895 3237
1 703 2310 369 2310 370 567 1493 1084 1084 3738 3738 3738 2680 2680 1493 369
2 1632 4360 4294 886 668 1303 1303 3121 3121 3121 912 1672 1672 3626 4595 1926 2214 301 3490 912 1926
3 2761 2761 2505 3507 641 3445 515
4 3968 3968 3968 4573 2858 1415 1606
5 4294 2761 2858 4294 1415 1632 2712 3968
6 2709 1452 1760 2815 757 757 757 757
7 2712 3999 3335 3335 3335 3335 624 3335
8 757 1632 4360 3335 2729 3335
9 3042 1743 1068 127 72
10 1285 3110 1865 886
11 3538 1698 4323 2003
12 1645 425 425 311 598 89 598
13 1230 3911 1230 1230 4290 1310 2055 4290 4231 4178 2520 2520 2520 2520 2520 2520 2520 2520 2520 2520 2520 2520 2520 2520 2520 2520 2520 2520 2520 2520 2520 2520 2520 2520 1546 1546 1546 1546 1546 1546 1546 1546 1546 1546 1546 1546 2946 1231 1231 1231 1627 1627 351 351 1672 1672 1672 1672 1672 1672 1672 1672 1672 1672 1672 2262 2262 2262 2262 2262 3520 3520 2909 3558 3558 2909 3558 2909 2547 2547 1707 1707 2944 2944 2944 737 737 737 2944 2944 4474 2036 2036 2036 4474 4474 4474
14 3587 3587 3587 1801 3481
15 3392 3392 2859 2952 3335
16 3335 1844 721 2086 52 872 1844 750 1986
17 982 2676 1801 3481
18 1701 3335 1801 798 2740 1782 3770
19 2918 2918 3944 3268 1270 2071 1780 1388 4226 2756 1896 4053 2958 2057 3356 2057 4255 4169 1246 1246 2554 686 4429 3926
20 2101 2375 2375 383 4542
21 276 2251 1801 2251 2526 2729 1615 4481 464
22 2031 1905 1905 4170 4170 4170 3825 380
23 3944 3676 3197 831
24 516 3745 3745 1892 2245 2245 3344
25 1398 1398 948 1130 3663
26 1778 1020 1020 1020 951 1617
27 4175 932 1439 1271 1555 4433 3730 4018 4600 2169 1987 1416 1416 2683 1811 995 1271 3668 1940 148 608 1271 1940 2530 2530 4067 4067 2837 2837 1271 1271 1229 1229 1555 1229 1652 1652 1064 1064 1064
28 3948 3786 1288 1288
29 4175 2696 4159 805 3596 3596 3596 3596 3596 4124 1110 3331 1586 1350 967 3782 651 470 2043 2783 3198 1597 312 2537 3697 4124 4159
30 4568 4568 3167 1590 1590 1248 286 1801 3507 4077 2963 1031 1801
31 3999 3999 1125 44 332 2222 461 1238
32 508 2015 1105 2459 2459 3999 3999 2459 4446 3999 276 3999 2459 2459 871 871 276 3999
33 2607 738 4481 4481
34 985 3020 3020 1817 1620
35 3925 2854 3742 2125
36 3107 1801 1590 3335
37 1590 2380 1173 2380 2380 1461
38 2183 3851 2621 2621
39 939 3959 2074 3608 3335 3335 2911 3522 3286 3535 1981 3690 4552 3778 434 1798 766 2911 411 411
40 553 551 2564 551 1857
41 1280 1280 3439 3213 2349 3213 2454 2454
42 3335 774 3097 726 726 4263 2223 2223 2064 927 927 1290 2298 443 3454 2976 527 1693 1628 2901 154 3838 864 3074 1012 2229 3838 3206 1473 175 971 971 2566 2180 4418 4569 3515 942 3983 3182 3182 2066 3887 1414 2601 1693 3838 1414 2494 2902 3002 1081 3524 4049 196 197 3332 2460 2444 2754 2005 2123 3682 2367 269 3151 366 3467 2977 4063 4019 219 2234 3906 609 3749 3636 3749 2994 2180 2032 4439 4056 463 463 3839 3839 1438 1438 2742 2742 2335 2335 2335
43 1174 1174 1174 598 598
44 1968 2983 1423 338 338 338 3726 2867 45 4312 45 4312
45 3999 4142 4142 3152
46 2373 4512 2373 3907 3907 1895 1895 1680 66
47 3564 531 3999 334 1341
48 2650 4276 1015 928 2267 687
49 1980 1792 1792 4298
50 3785 3785 3785 3785 3528 4338 1658 2604
51 4551 3577 2688 4120 801
52 3335 276 1715 3377 1538 1801 1801 4299 4131 2037 2942 4003 4035 1431
53 2721 479 1665 1342 2879
54 472 1198 1801 2501 1669 1669 1206 4034 260 2312 2017 584 918 1198 3525 3525 99 99
55 912 1324 1924 3875 1926 3166
56 1708 1801 1202 3409 2760 3420 4069 2819 2085 3992
57 3721 3567 3567 3335 4038
58 352 352 352 3376 352 3006 2437 3240 1862 2611 4344 2943 1170 3127 1177 1912 4457 267 891 891
59 2804 4333 1392 3600 2968 2968 862 3473 3170
60 3135 2962 205 205 2905 3658
61 1753 1140 3093 3244 3746 3602 3244 2896
62 1119 248 10 3254 2598 248 477
63 1685 1685 3225 2078
64 2428 2428 4372 4372 3978
65 3780 3526 3526 694 694
66 2871 1234 299 3857 3857 3857 3588 3588
67 487 4601 747 747 747
68 2989 2009 2009 1390 207 3556
69 355 1348 912 1672 912 545
70 4086 1499 2382 2710 2710 2382
71 4578 4578 321 354 4314 1106 3681 767 767 60
72 776 2430 2221 2221 1882 2170 2596 4374 2221 3555 145 708 2596 145 3974
73 3248 3248 3248 3248 3248 3248 3248 3903 3903 3181 3181 3181 3181
74 1460 724 724 724 818 3868 818 724
75 3622 2800 716 716
76 1531 3334 1741 3189 3189 2401 3677 2404
77 64 64 954 1448
78 2137 4269 280 4275 826 826 826
79 751 3455 4510 4510 3946 2838 2838 2838 2838 2863 2863
80 570 1147 2154 3722 4030 4010
81 188 3142 3142 3142
82 1531 3277 2861 2365 2015 912 1498 3927
83 35 3211 3231 2389 2793 149 4150 3750 4150
84 1706 2437 2450 1801 1801 1801
85 2897 3627 1326 2770
86 641 3711 1656 1801 3744 884
87 401 1801 4256 2181 1541 3108
88 4256 1305 157 1407
89 1415 3702 3702 2078
90 641 641 929 598 2018 1889
91 89 598 4119 4119 4119 4119 3514 1239 1355 1355 1355 3304 4179 4179 968 968 968 968 4379 4379 4379 4379 1092 1700 1515 2602 236 752 2025 2025 3304 3936 3708 1349 1140 802 1514 3532 3358 1109 1457 1787 3149 249 264 264 1078 3921 4051 3149 3149 3149 3149
92 3233 3233 2112 1964 1964 1964 1964
93 598 2047 1500 2047
94 4508 598 84 2058 598
95 13 4097 1258 1258 1258
96 2155 3512 4345 1647
97 2170 1017 1017 2170 2170 4097 4097
98 4104 2652 1561 21 2652 1561 1561 2652
99 2652 2652 2652 2753 1078 1078 2652 2652
100 1952 3300 3300 3300 3300 3300
101 1034 4503 1917 2023 3411 2945 2239 2255 2023 3411 4503 2945 4385 2239 4009 2884 2255 2884 1034 2900 3343 1917 2900 4385 2657 3343 1822 4551 3246 1822 4009 1755 3246 4036 3103 3565 4551 1755 2847 3056 1633 2657 3565 4036 2536 3103 2539 3919 3822 3840 3056 2847 2536 3822 2652 1640 3840 3790 1633 3790 3919 1640 855 855 555 3139 1247 2539 555 1247 1913 2652 3139 4309 1557 1913 3339 4309 828 3316 3253 1557 3339 1948 3316 4268 3253 3322 3322 828 1201 688 3314 1201 3852 4268 688 1948 992 4575 4223 3852 992 4223 3019 4575 3019 4414 3781 1009 3314 2737 4414 2737 3781 3534 1009 3275 3534 3275 1034 3411 2945 2023 1917 4503 2900 2255 4503 1034 2023 4385 2239 2239 2884 4551 4009 3246 3411 2945 1755 1917 2900 3343 1822 4036 4009 3565 2536 3056 3103 2657 2255 3343 1633 3840 1822 4551 2884 4385 2539 3919 2847 3822 2657 3790 3246 3056 4036 3139 1755 3565 1640 855 3103 2652 2847 1247 3822 3840 2536 1557 3790 2652 4309 1633 2539 555 1913 3316 3139 3919 3339 1640 855 828 1948 4268 3322 1557 1247 4309 555 3253 992 4575 1913 3314 828 3316 1201 688 3339 3322 4414 2737 1948 3253 3852 1201 4575 3019 4223 3314 3534 688 1009 4268 3852 4223 3781 3275 2737 3019 992 3781 1009 4414 3534 3275 1078 3410 3410 3410 3656 3656 4532 940 1125 4532 1125 940 3114 4544 3300 280 2884 499 499 4544 3300 2884 280 3335 3335 2308 2308 3561 1132 2386 3445 2386 1470 2630 2047 2552 2552 2630 1470 2047 1078 466 466 3148 2604 4565 2000 2207 2602 4561 3999 1991 1625 3148 4565 2604 2000 1565 1529 4561 2207 930 4116 4315 3157 3999 3603 408 3570 1625 2602 1991 1001 1565 847 297 3148 1529 930 3570 3157 4315 1001 408 4116 3603 297 847 1031 2042 3053 236 3502 2762 3731 398 3053 3502 2762 876 1973 3291 1031 598 236 2042 598 3731 876 3340 715 3291 1025 4604 3561 398 3340 870 4300 715 3369 256 3561 2982 4300 1973 1829 870 1025 4604 1829 2982 3369 256 1031 3281 1598 1598 1598 1598 1598 1598 1598 1598 1598 988 3502 3369 2737 3561 1529 3509 3935 4116 2000 3281 1078 3056 2386 930 1565 3570 2239 2900 2255 3505 3200 4517 3288 2539 3919 3790 1506 3114 1132 3518 3768 2362 1415 786 2685 3547 4143 1031 2042 3053 236 569 3456 1281 4451 1559 2602 1625 1991 2536 3103 2847 1633 2472 2954 1502 4134 1801 3481 738 2101 2539 3919 3790 1901 533 1848 1188 754 2992 813 839 2786 1598 1559 3790 1559 1859 4001 1125 1770 1238 4094 4537 2604 4565 2207 272 3999 281 1801 3481 738 988 739 4537 1859 4188 3335 4094 1195 2101 146 3935 1770 4001 1238 1125 1359 2604 2207 272 1801 4565 281 3999 738 3481 2101 3935 1195 3335 988 739 1359 146 4188 1281 4532 4532 4532 4532 4532 4363 2660 2660 2660 2660 489 489 631 3019 1474 1474 1474 1506 2485 2485 4022 1908 1908 1908 4363 1105 2750 2498 1393 1544 1520 1105 3941 2498 2498 2498 2498 2498 2498 2498 2498 2498 2498 2498 2498 2498 2498 2498 2498 2498 2498 2498 2498 2498 2498 2498 2498 2498 2498 2498 2498 2498 2498 2498 2498 2498 2498 2498 2498 2498 2498 2498 2498 2498 2498 2498 2498 2498 2498 2498 2498 2498 2498 2498 2498 2498 2498 2498 2498 2498 2498 2498 2498 2498 2498 2498 2498 2498 2498 2498 2498 2498 2498 2498 2498 2498 2498 2498 2498 2498 2498 2498 2498 2498 2498 2498 2498 2498 2498 2485 4022 1491 1491 2498 2498 2485 1105 1901 2498 1908 1908 3547 4143 1105 2200 3553 3846 1659 4022 1659 3553 3583 4022 4271 2475 2332 1232 2472 2954 1502 4134 2475 1232 280 1502 2954 2472 4134 280 533 675 1659 1848 754 1188 1790 2475 1659 2954 2472 1502 280 1105 2475 4134 1659 1476 1659 1848 1659 1188 675 533 1790 754 1659 2475 1105 3846 2475 1659 1659 1659 1659 1659 1659 4271 2539 3919 3790 1639 3747 1100 564 3242 1659 2539 4583 3919 3790 1639 1105 3114 1066 1066 1066 1066 1066 1066 1066 1659 2981 532 1105 532 1659 2981 1105 2750 1393 1520 1659 2498 4324 3941 1544 1659 3731 398 1476 598 3747 1100 1659 4145 564 1408 3242 2657 3246 1659 1755 3565 4036 1408 3583 2657 3246 1659 1755 4036 3565 1724 3242 3242 3242 3242 3747 3242 3242 3242 225 225 225 225 225 225 225 3509 1659 4423 1659 1494 631 225 1908 3177 4324 225 225 225 4423 4423 3177 4583 4583 225 225 1908 1659 3177 1659 1659 1476 4324 598 598 598 225 225 1908 1908 598 3349 1659 3731 398 1908 598 4324 1659 3731 398 598 3265 3349 1908 1783 4031 3520 3520 3520 3520 3520 3520 3520 3520 3520 3520 3520 3520 3520 3520 3520 3520 3520 3520 3520 3520 3520 3520 3520 3520 3520 3520 3520 3520 3520 3520 3520 3520 3520 3520 3520 3520 3520 3520 3520 3520 3520 3520 3520 3520 3520 3520 3520 3520 3520 3514 3514 3514 3514 3514 3514 3317 3317 3317 3317 3317 3317 3317 3317 3317 3317 3317 3514 3514 1659 4497 1783 3265 2657 2657 4497 1513 1513 1513 1513 2657 2657 4497 1105 4497 3349 1105 2657 3246 1659 1755 4036 2992 3565 813 3767 839 1659 3246 1755 3656 3767 2786 2657 4036 3565 1105 1659 2657 3767 2992 1232 3731 1659 398 598 2498 2096 1659 3731 398 598 2498 2096 1659 3731 398 598 398 2096 598 1659 3731 2498 2657 4423 3565 4423 1659 1105 3177 3177 1105 2657 3246 1755 2657 1659 3565 4036 2981 1105 1659 3349 1659 1659 2096 2586 2655 1659 2586 2586 3565 2586 2158 786 2685 1415 1659 3349 820 4423 820 2332 1659 1659 1659 1105 1105 1783 1659 1659 1105 1415 1724 4145 1132 1105 1659 1659 1132 3518 3768 3518 1659 3831 3768 1132 2423 2362 2362 4423 1408 2423 3831 4583 1659 3518 1132 3768 1105 3212 1659 1132 2362 3518 3768 1105 2423 2423 2362 2423 510 1659 1659 2558 510 1105 4135 3212 1659 510 2558 4135 1105 3177 4135 510 2558 4135 1659 3349 1105 510 2558 4423 4135 1424 1659 2558 510 1424 4135 1659 2558 510 1659 4135 1424 1424 1659 1424 1132 786 2685 1415 1232 786 1157 3445 161 1055 3445 1471 3520 1157 1408 1724 3445 1471 161 1055 3520 1157 2158 3520 3445 1724 2613 4032 4497 2909 3558 631 225 1494 2909 631 3558 225 1494 2909 2909 2909 2909 2909 2909 2909 2909 2909 2909 2909 2909 2909 2909 2909 2909 2909 2909 2909 2909 2909 2909 2909 2909 2909 2909 2909 2909 2909 2909 2909 2909 2909 2909 2909 2909 2909 2909 2909 2909 2909 2909 2909 2909 2909 2909 2909 2909 2909 2909 2909 2909 2909 2909 2909 2909 2909 2909 2909 2909 2909 2909 2909 2909 2909 2909 2909 2909 2909 2909 2909 2909 2909 2909 2909 2909 2909 2909 2909 2909 2909 2909 2909 2909 2909 2909 2909 2909 2909 2909 1494 631 1660 225 1850 820 1494 225 1660 631 1850 4497 510 2558 4135 631 2719 631 631 631 3633 225 1232 631 225 2944 1232 3312 2944 1232 3312 2944 2944 2944 2944 598 2036 2263 2719 2200 2036 2719 3731 2263 598 2200 398 4032 3633 2036 2719 3731 2263 4497 398 598 2200 2719 2036 2036 2719 2719 4497 3373 1415 3373 2685 786 2431 2506 4040 2685 3373 1415 2506 2431 786 4040 1671 1326 1671 1671 1051 1051 1671 1415 2506 3362 786 2685 1326 1671 786 2685 1051 1415 1326 2431 3362 1415 1671 1415 631 1051 1494 2506 3828 225 2431 631 1494 1051 225 2431 2506 2613 1051 1051 2506 631 1494 225 3828 1326 1051 631 1494 225 3828 2506 1326 631 1051 1494 225 2431 3828 1326 2172 2172 451 3854 2613 3345 3345 1415 786 2914 1908 2685 3345 2914 786 1908 2174 1415 2685 594 594 3558 786 1415 2685 594 4032 2174 594 2687 1906 3288 3200 3505 4517 466 3285 4511 1908 4517 466 1906 594 2687 3505 3288 3285 3200 4511 2687 1906 3714 1906 3714 466 594 3456 490 569 4451 1281 3741 2485 594 490 1042 3200 3505 4517 3288 594 466 3345 810 3505 3288 4517 3200 466 594 451 810 1281 569 3456 4451 3741 3710 451 2485 569 1281 3456 4451 3741 490 3710 594 3558 2724 2724 2724 594 569 1281 3456 4451 3741 3710 2263 594 569 3456 1281 594 4451 3741 2485 1042 2138 4213 1042 3826 4213 4235 3967 2138 3425 1042 594 636 4213 2138 3967 3826 1042 4235 3425 636 3854 2485 3826 3826 3505 4235 2138 3425 1042 3967 594 2655 466 3505 636 451 3192 3192 4311 4311 2138 2138 3425 1372 2138 1372 2138 2495 2495 1734 2495 4235 2138 3425 3967 1042 1734 3425 4353 4353 4353 2172 569 3741 1281 3249 1042 3249 3249 3335 3249 1734 2495 1042 3249 2138 3425 4235 3967 2782 1232 2909 4235 2138 3967 3425 3249 2172 1042 2782 1042 2909 2475 2782 1927 4311 3854 3476 4031 3476 3482 329 1927 1757 4031 3482 1757 594 1225 329 1927 1927 1927 4031 908 4476 2538 4476 2850 908 4476 908 3623 4476 2311 4476 4542 908 4476 1467 908 4542 2850 3623 2538 4066 2311 4066 966 4476 1467 2972 2972 2972 2972 2972 2692 966 3311 502 2972 4161 3906 3311 194 3906 194 4161 3311 3906 3906 3906 3906 3906 3906 3906 3906 3906 3906 3906 3906 3906 3906 3906 3906 3906 3906 3906 3906 3906 3906 3906 3906 3906 3906 3906 3906 3906 3906 3906 3906 3906 3906 3906 3906 3906 3906 3906 3906 3906 3906 3906 3906 3906 3906 3906 3906 3906 3906 3906 3906 3906 3906 3906 3906 3906 3906 3906 3906 3906 3906 3906 3906 3906 3906 3906 3906 3906 3906 3906 3906 3906 3906 3906 3906 3906 3906 3906 3906 3906 3906 3906 3906 3906 3906 3906 3906 3906 3906 3906 3906 3906 3906 3906 3906 3906 3906 3906 3906 3906 3906 4161 194 3027 3311 2692 3311 2824 3027 2824 2066 3906 2824 3906 2824 3027 2066 1292 2824 1292 3027 2824 2066 3906 2066 3027 1292 2824 2824 3906 1292 3027 3906 2824 1292 2066 2824 2824 3027 3906 2824 2066 1292 1292 1292 1225 2066 2824 1292 2824 3027 2824 2066 3906 1292 2824 3027 2824 2066 3906 2824 2824 1292 3311 2972 3906 2824 4161 2850 1292 4536 2824 3027 3906 4536 2066 4536 502 3218 2579 3027 2824 1820 1292 2579 4536 4264 2824 502 2579 1292 2855 4476 4476 2579 2579 2579 3218 3218 2719 2719 4252 4252 3218 2719 4252 4252 4252 4252 4252 4536 4252 4252 3395 4252 4252 4252 2719 4252 3311 4252 4252 252 4252 252 2353 4252 3395 2719 4076 2579 3218 1820 4252 3395 4252 252 2850 4252 4252 2579 2579 3218 4252 4252 4264 4252 4252 4252 252 252 2353 3395 252 2579 2855 4252 2855 4252 4252 4076 4252 252 3395 2353 2579 4264 3218 4252 4264 4076 4252 4252 252 252 4252 3395 2066 252 252 4264 2579 252 4076 2353 3395 4371 4264 4252 2579 4252 3395 4252 4252 4252 4252 252 1292 958 4371 3087 3087 3182 3166 3087 3166 3166 4264 3087 1820 3087 3087 4306 3087 4306 958 1883 1883 1883 3182 1378 1378 3087 3087 3087 3087 3087 3218 3087 3087 1883 2904 3166 3218 3087 3166 1883 2904 2904 3087 2904 3342 3342 2890 3994 1568 1883 1378 958 502 1677 676 3994 3664 3664 1378 1653 4549 3862 3928 3928 3862 3862 1677 1568 676 676 823 823 823 2890 823 3489 4513 1647 3862 1653 4549 823 4513 3862 1647 3489 4549 1653 823 3489 1647 4513 3862 3489 1653 4549 3489 3862 1653 1647 4513 4549 676 3928 1647 1647 4549 3489 3489 125 3489 165 823 3862 165 4345 4513 3862 1292 4345 165 3544 4345 4549 3544 3427 3427 165 3058 125 3058 125 165 3058 165 125 165 3058 125 165 3058 975 975 975 975 975 975 975 975 975 975 975 975 975 975 975 975 975 975 975 975 975 975 975 975 975 3427 975 975 975 975 3427 4345 3544 165 3058 125 2748 165 3058 125 3058 165 125 975 975 975 975 975 975 975 975 975 975 975 975 975 975 975 975 975 975 975 975 975 975 975 975 975 975 2748 3427 4345 1647 1647 975 975 4345 975 4496 975 975 3427 4345 975 975 4345 975 975 4345 3427 165 3058 125 4345 3427 3427 975 1883 3427 3298 3298 3298 3298 2317 125 125 3298 3058 3298 3058 3952 1336 3952 2317 3298 3952 3952 3952 2748 3952 1336 3952 1336 3952 3952 3952 3952 1336 3952 3952 3952 3952 3298 3952 3952 3952 3952 3298 4496 3640 2317 3640 1883 3640 3298 3952 3952 3640 3640 3427 3298 3862 3862 4496 3640 231 3640 231 1903 231 3058 3640 231 1336 3952 4345 3640 1776 4345 4345 3640 3640 3640 1446 2997 1446 357 2997 357 1446 3159 3159 1776 231 231 1776 2997 1446 1446 357 2997 357 1776 3159 231 3159 231 1776 3159 1446 357 231 2997 3640 2997 2997 231 357 357 2906 357 2997 3640 1776 1063 1886 1886 2906 975 1446 1886 2906 1886 357 357 3159 1886 1446 1776 1446 1446 3512 1446 3512 1886 1775 1063 1886 2194 1775 2194 2194 2194 1886 2194 2194 1775 1775 1886 2194 1446 4345 3544 455 1647 431 3427 3952 4092 3298 975 1108 1336 3640 1903 3207 2081 3150 1526 1776 243 4293 2168 169 3743 2997 1446 2309 3513 3159 1091 447 2817 1930 3945 615 1029 1775 2194 2314 1886 1063 357 1647 3427 4345 455 431 3544 3298 975 3952 3640 4092 1336 3207 1108 1776 1903 2081 243 1526 2168 3150 169 2997 4293 3743 3159 2309 3513 1446 1930 1091 447 1029 615 2817 3945 1775 2314 1063 2194 1886 357 455 4345 431 1647 3544 3427 3298 1336 975 3952 3640 1108 4092 3207 1903 1776 243 2081 1526 3150 4293 2168 3743 2997 169 2309 1446 3513 3159 1091 1930 447 3945 1029 2817 615 1775 1063 1886 2314 2194 357 4345 431 455 1647 975 3298 3544 3427 4092 3952 3640 1336 1108 3207 1903 1776 2081 1526 243 3150 4293 2168 169 2997 3743 2309 3159 1446 3513 1930 1091 3945 447 2817 1029 615 2314 1775 2194 1886 1063 357 1647 4345 3544 455 431 3952 3298 3427 975 4092 1336 3640 1108 3207 1903 1776 3150 2081 1526 4293 2168 243 2997 3743 169 2309 1446 3159 1930 3513 1091 447 615 2314 1029 3945 2194 2817 1886 1063 357 4345 455 431 1647 3544 3427 3952 975 3298 1336 1108 4092 3207 3640 1776 2081 1903 1526 243 2168 4293 3150 2997 169 3743 1446 2309 3513 1930 3159 1091 3945 2817 1029 615 447 2194 2314 1886 1063 357 1063 4345 3952 4345 4345 1886 1775 4345 2194 4345 4345 4345 3512 4345 3669 1063 4345 1886 4345 4345 4345 4574 1647 4345 4345 1446 4345 4345 3669 4345 1647 3544 431 4345 455 3952 4092 3640 3427 975 3298 1336 1108 1903 1776 2081 3207 3150 1526 169 243 2168 3159 1446 3743 2997 2309 3513 1930 1091 447 1029 2817 3945 615 3305 474 2314 704 1249 2010 3669 4574 3669 2010 2194 2194 1775 4574 1775 4345 3544 1647 455 3427 431 3298 4092 975 1336 1108 3952 1903 3640 1526 243 3207 1776 2081 2168 2309 2997 3150 169 3743 3159 3513 1930 1446 1091 2817 1029 3945 474 447 615 3305 2010 1249 704 2314 3669 4574 2194 2010 3669 4574 2194 1775 1775 431 3544 4345 455 1647 3427 975 3952 3298 1336 3640 4092 1903 1108 1776 3207 2081 243 1526 3150 3743 169 2997 2168 2309 1930 3513 1091 3159 1446 447 1029 615 474 3945 2817 1249 2010 2314 3305 704 3669 3669 2010 4574 4574 1775 2194 2194 1775 4345 1647 455 3544 431 975 3427 3298 3952 3207 4092 1108 1336 3640 2081 1903 1776 1526 2168 243 3743 3150 3159 169 1446 2997 2309 1930 3513 447 2817 1029 3945 1091 2314 615 474 704 1249 3305 2010 3669 3669 2010 4574 4574 1775 1775 2194 2194 2081 3159 2010 4345 4345 455 4345 3544 3544 3544 3544 975 3298 3952 3952 4092 3159 3512 4345 455 4345 3559 4345 4345 1647 3559 4345 4345 3559 4345 4345 3669 1647 4345 4345 3298 4345 4345 3516 3516 1647 4345 975 1029 2010 455 1647 1098 1098 4345 975 4345 4345 4345 3559 4345 1098 2317 4496 4496 4345 4345 4345 4345 4345 4345 4345 4345 4345 4345 455 4345 4345 1647 2309 4345 4345 4345 3559 4345 4345 4345 4345 4345 4345 4345 4345 4345 3651 3651 4345 3651 1516 1516 4345 4345 3807 4345 4345 2010 4345 1569 4345 455 1647 431 1569 1569 3559 1569 4345 4345 4345 3516 4345 3807 4345 1647 4345 4345 1647
102 3574 3574 3574 3574 3574 3574 3574 3574 3574 3574 3574 2108 2108 2108
103 1125 1545 2202 3666 1462 525 2762 1672 4491 1992 240 786 786
104 1042 2202 1846 327 499 828 4544 3300 2884 280 1105 1859 3652 4001 1238 4537 4022 3805 1125 510 2558 229 4135 493 2090 1767 2498 3431 2485 3759 3647 2608 3173 1767 3279 3909 4363 1154 1876 1876 1906 2687 1906 2687
105 1525 1525 1557 3775 2737 1762 3281 3281 3281 4575 225 225 225 3935 3026 4116 377 597 3923 2199 1127 2711 2028 2346 2658 2995 4577 2827 2827 1472 3993 2827 2951 2951 1928 3560 2951 2620 1442 3323 3323 3323 3323 3323 563 2070 1113 1113 959 2486 795 2339 1648 2302 1535 3195 1152 1191 1330 1587 216 2653 4257 4064 1733 4527 1985 3173 2832 4281 1140 656 1814 4144 3632 2076 1814 2302 2224 1814 1814 1814 2359 1394 2359 2109 2485 4187 2498 1237 2664 1830 4301 3657 2722 1863 1863 1860 3739 2416 1049 1667 2178 4435 1659 2659 1659 1659 3509 3509 1803 3725 3443 3080 2524 3509 3509 3509 1332 3509 4185 561 2856 3509 2359 2359 695 2567 3009 3104 2567 2359 4553 4553 2094 4553 4553 4031 2203 976 3550 1695 3550 2723 1237 1659 1679 1172 4241 114 1659 2657 3565 2034 2241 3779 1592 1171 2669 4014 732 2190 599 413 1953 562 1660 2944 1050 2576 2576 1165 3082 2576 2576 2576 2944 1774 1774 2944 468 2944 2944 2944 2944 2944 2944 468 2944 2263 2944 2263 2263 2719 2719 2719 2719 3729 1796 1796 1796 3828 1796 3828 426 3828 1796 1796 1051 1051 1796 426 3373 3373 426 3729 235 235 3796 3876 3876 3876 3876 3796 1637 3876 3876 3796 3876 3796 3876 1637 3796 3796 350 350 350 4513 4513 823 3928 823 3928 975 3427 975 3427 975 975 975 4496 4496 3427 3952 3952 691 1102 2997 4345 3928 4345 4345 4345 3928 3928 4345 4345 4345 2997 2997 2194 1775 1886 1886 2194 2194 2194 3512 1886 2997 1886 1775 1775 4574 4574 1886 4574 4574 4345 1102 3512 3479 3669 3669 3669 3669 3669 2010 4154 4154 2010 3913 3913 4325 3479 4325 2010 691
106 1491 2080 84 4135 413 186 1470 2047 89 1659 2332 1659 89 2332 89 229 1659 3558 2909 229 1659 2332 89 2909 3558 1659 229 89 2332
107 4575 3065 2000 3018 2589 1187 2922 1599 2339 2083 1322 1587 2116 2100 2933 1993 4561 4244 563 563 1111 4136 2319 2690 1274 1648 715 281 115 2374 4045 4531 2766 75 1733 1733 94 4127 2285 1638 2285 4127 4127 1648
108 3771 1532 327 223 3102 4507 2050 2072 984 4025 3369 4450 2279 2182 1278 3269 2630 3757 1908 3428 2772 1241 4031 2052 521 3768 2423 2028 2362 1132 3518 3561 4134 1502 2954 2472 3403 3502 280 3464 4528 2328 4558 3313 3683 4463 3213 509 3018 3935 4227 3200 3505 4517 3288 3502 2472 2954 466 2737 4134 1502 280 4528 3313 2328 3464 3403 3018 4463 4558 3213 509 4227 3683 3935 3505 3200 4517 466 2737 3288 2035 4266 2545 3375 3358 3562 1009 3781 2738 390 3534 2047 2138 4235 3019 4155 3967 3275 1042 3425 2784 2396 1559 2215 3283 3250 3364 2220 3358 3562 4266 390 2047 510 229 229 510 2263 2719 1051 2719 2263 1671 510 229 4235 2138 1051 1671 2719 2263 510 229 2138 4235 1671 1051 2719 510 229 2263 3395 2719 2263 1671 1051 3395 4235 2138 1671 2263 2719 1051 229 510 3395 4235 1051 2263 2138 1671 510 2719 229
109 1479 914 742 203 1070 2645 509 4463 3683 3213 621 3555 4558 1093 571 1557 374 808 4309 3935 1256 828 2737 3937 3316 3339 595 1031 236 3053 3502 2042 2762 311 3731 89 398 598 1973 3340 1025 3291 318 715 4604 3561 1829 4300 870 256 2982 3369 1777 4080 2114 1051 426 1051 426 426 1051 1051 426
110 1312 1312 1312 1312 1312 1312 1312 1312 1312 1312
111 2076 1648 1553 4561 1686 2498 1929 578 2864 3082 2717 2717 735 4083 2272 2717 1062 2556 853 4320 4320 4320 2915 2915
112 3035 402 3590 975 975 3952 885 3952 2392
113 2510 4470 2895 387 387 3643 2565 3178 1169 1169 3143 3643 4470 1169 324 387
114 817 817 817 817 817 817 575 817 2535 2535 2535 2535 2535 2535 2535 2535 2535 2535 2535 2535 2535 2535 2535 2535 2535 3659 3659 2634 2634 3772 3772 3772 3772 3772 3772 3772 3772 3772
115 2914 1148 789 4081 2803 2609 3057 19
116 635 1575 1575 1575 1575
117 3192 1659 1659 4324 2475 1044 1659 2657 1659 1132 2657 3826 1659 4213 1132 2657 922 3249 4213 3826 1132 1659 2657 3476 4031 3482 329 211 1757 717 460 1927 1225 2485 4031 922 3826 3476 3249 4213 1659 1132 2657 3249 4031 3476 922 3826 4213 1132 1659 2657 4476 908 4542 3888 908 4476 4031 3476 922 3249 1132 1659 4213 3826 4476 908 4031 3476 3249 922 4213 3826 1132 1659 4031 908 4476 3906 4161 3476 922 3826 4213 3249 3489 1647 4161 3906 908 4476 3476 4031 922 3249 350 2144 350 2144 2144 3489 1647 4161 3906 908 4476 4031 3476
118 1166 1166 2411 2411 1166 462 462 3170 3170
119 2348 3236 3670 165 371 1647
120 4472 1451 810 206 206 206 2387 1872 1872 3845 206 3898 2257 1008 1819 4444 4444
121 3171 3078 592 3723 2931 2121 587 2944 2067 4023 2944 4452 426 1331 2914 1659 3131 2122 3415 1906 1906 1906 3585 2321 325 325 1297 1978 214 214 214 2846 1688 744 3113 1571 2201 3113 1712 1712 2292 3113 226 226 1757 4205 245 3427 4345 3427 3427 975 975 975 975 975 975 975 975 975 3453 2986 1298 1298 1298 372 372 936 3266 3266 3266 372 372 372 936
122 2073 2073 2073 2073 2073 2073 2073 2073 2073 2073 2073 2073 2073
123 3004 3972 1994 1622
124 3228 3728 4135 2194 1223 1223
125 3520 3520 2547 2944 2944 2687 2687 1336 1336 1336 1336 1954 2392
126 4516 1105 1105 2158 1232 2156 1906
127 4160 1589 3296 4358
128 4270 1794 1794 1794 1842 3998 3998 3998 3998 3998 2813 2813 3998 3998 1022 1022 1022 1022 1022 1022 2039 2039
129 540 4233 4233 1806 141 4233
130 865 3984 829 829 192 2822 2062 376 1133 3274 4008 3092 743 743 4591 3256 3533 1367 4591 3642 2104 1475 4345 4345 4514 4514 1315 1315
131 291 2798 246 2798 246
132 627 2175 2175 4523 1600 2580 2675 2944 2263 2944 2719 648 4183 2719 1796 426 426 426 3373 2719 2719 2914 2172 2909 3558 3714 3854 1376 1376 1376 1376 1925 1925 3383 3016 1364 165 165 165 165 165 4436 4436 4436 2171 2171 2171 2171 1547 1547 885 885 1446 1446 3427 3427 1143 1143 3024 3024 888 888
133 1132 1659 510 229 1132 1659 252 3395 4252 4076 2353 2719 4371 229 3395 510 252 1659 1132 3395 252 4076 2353 4371 4252 293 2579 252 3395 510 1659 1132 229 4076 3395 2353 252 4252 4371 2719 2579 293 4076 4252 3395 252 4371 2579 2353 2719 293 1659 510 3395 252 229 1132
134 3863 3863 598 1079 896 2200 1208 3584 3584 349 2030 2013 2402 1208 943 121 2467 3732 2715 3634 1621 1621
135 229 510 3445 161 510 229 426 1051 161 3445 510 229 490 2914 569 490 426 1051 161 3445 510 229 569 490 426 1051 161 510 3445 229 3906 3027 490 1051 426 2914 3027 3906 569 490 1051 426 3445 229 161 510 3027 569 490 3906 426 1051 161 229 3445 510
136 2029 2266 2029 342 1279 1279
137 2515 3731 4032 778
138 3067 3067 3067 2925
139 4140 4140 771 2623 507 548 548
140 3558 4316 4316 1660 4316 2477 601 2853 2853 2853 601 601
141 3563 4477 3436 522 2947
142 3806 3162 3429 3845 4244 3806 1624 1624 1624
143 1121 3320 1681 2675
144 1386 1257 1257 3566 3566 1548 1519 3566
145 1836 1908 4506 234 4236 1033 763 3176 3695 3947 1138 4201 1756 1212 2585 3272
146 2794 1218 2926 2794 2587 3193 1971 4317
147 517 4411 517 4411
148 413 413 3769 1337 2361 2361 1337 2174
149 3631 475 1833 2347 3912 2347 3912 426 1833
150 4105 1200 1583 1583 36
151 1309 1629 899 899 1309 1682
152 486 3769 3769 2655 486 4316 2336 4316 1562 1562
153 2371 2343 2343 2343 1944 3106 1944 1944 2343 2581 772 2343 1616 794 2343 1944 2560 3763 3763 1944 2593 102 1574 794 3854 3854 3854 3763 3969 2507 3457 3763 2247 4590 1795 404 4129 3776 3880 3858 3763 1420 3763 3969 473 772 3763 986 2006 3324 3969 4106 473 772 3763 2969 2134 841 1691 3301 539 1185 841 1209 2969 3079 3079 3079 3079 133 3301 3432 669 3469 4434 1691 3499 3499 1085 1691 3499 1085 3079 3079 133 3301 2135 2135 2006 3858 632 1879 1907 1931 1931 3469 4434 4518 244 244 3529 3529 632 3698 3698 632 632 3698 1879 1907 4518 4555 4555
154 3817 3625 764 1831 1828
155 1158 1345 2921 681
156 3679 1160 3389 3789 520
157 1469 1469 3354 1469
158 2529 3908 4272 4376 4462 3101 2529 3908 4272 4272 3908 4462 4376 3101 4272 4376
159 1660 631 1415 1660 3373 631 426 1051 1415 3373 631 1660 214 569 426 1051 3373 1415 631 1660 1292 214 426 2824 569 1415 1051 3373 631 1660 1292 2824 214 569 426 3373 1051 1660 1415 631 4536 2824 4536 1292 569 214 1051 426 631 3373 1415 2824 569 1292 214 4536 426 3373 631 1415 1051 1647 823 2824 4536 1292 214 569 1051 426 1415 823 3058 1647 2824 4536 569 1292 426 214 1051 3058 165 1647 1292 823 214 2824 4536 426 569 1647 3058 165 823 1292 569 4536 2824 214
160 3943 880 4213 2283 3594 680 1983 1412 733 557
161 2157 1178 2157 1178
162 1671 1051 1026 1026 1796 1051 2675 2719 2944 3674 1051 1051 451 1331 1331 1397 2914 2914 3630 235 2687 2687 2687 1906 2687 2687 2687 2687 2687 4219 4219 2687 2687 490 1486 2774 2964 214 82 3606 2695 1712 3021 2455 82 3606 1421 3942 3942 82 1421 2372 2482 2792 1718 3309 3161 4210 2824 4157 4252 2890 3476 1074 1074 1671 975 975 3952 3952 2654 2654 2654 2654 2654 2654 452 452
163 1051 1634 2209 3475 633
164 426 3828 3345 4164 1486 2306
165 843 843 843 843
166 4048 1833 2347 4366 3882
167 631 4571 1920 1864 4571 4571
168 1626 4570 2111 2111 4556 640 4260 2111 2148
169 2172 3854 1521 1521
170 952 952 3854 3929 1103 40
171 4393 582 3854 2172 2576 2787 2673 2914 3845 3845 4345 4345
172 3299 3299 3299 1141 3586 3414
173 2466 1890 92 92
174 2503 1797 2287 1804 3614 1065
175 1112 1112 257 1112 2413
176 2516 707 4117 1534 2429 3859 1255 753
177 373 736 4330 4330 3117 176
178 3582 1908 1908 3582
179 2051 3282 2051 2051 2051 2051
180 490 325 450 4229 4213 426 4084 2627
181 490 3255 3255 2940 628 4496 3900 3900
182 4235 4458 2574 3872 3872 1265 3059 1265
183 4442 2842 4387 1096 113 4387
184 466 2519 4517 3068 2193 3235 3576 1579 3595 2875 3611 1382 760 4405 2468 2755 1834 2098 1086 481 4399 1381 674 1832 3545 4213 2323 3576 3595 2098 1381 481 4399 3545 3297 1737 1737 674 1832 2098 4405
185 1936 2393 629 596
186 2646 241 337 337
187 214 2839 4055 1749 1749 815 1646 3440 989 3662 2211
188 1976 1976 3571 4498 2935 3046 3046
189 2304 2304 1295 1295
190 396 339 848 3824 4279 2277 1014 1897 1897 2967 1939 396
191 3030 1384 4524 4524 3615 3615 4524
192 3985 3985 2230 1918
193 2217 2217 2217 1835 2217 649 1988 1988
194 1959 550 4354 3541 2253 1509
195 3826 1899 1354 1820 2491 1873 3687 2026 2026 4467 4467 1449
196 3405 2661 4137 978 630 4540 3120
197 552 552 1459 2144 1570 4115 3826 4217
198 824 2947 2947 274 3889 2973 2973 2947 2947 2947 2947 2947
199 3675 3675 1292 2824 2153 3087 1883 3166 1883 1214 1378 3182 384 3166 1378 3182 2295 2093 2904 2904 2904 3087 2904 3032 511 2904 2904 1677 1677 1677 1677
200 2340 3249 4264 941 1751 4306 4306 2599
201 3754 679 1719 642
202 856 2174 2174 2122 360 4252
203 460 2485 2485 4474
204 589 856 466 589
205 1378 1378 384 384
206 740 740 1887 1224 1224 2177 1224 1224
207 1809 910 4027 1809
208 2788 589 1372 4089 934 2326 589 1824
209 2504 2798 2504 4421 706
210 3552 4224 1610 1610 2480 2913
211 2132 2354 3635 854 438 1694 3598 3598 719 792 3310 3366 3366 653 4378 1941 2250 3408 4192 1088 4407 1825 1343 3877 852 85 85 85 1566 1566 1566 1566 1566 1566 1566 2305 1566 1566 1566 1566 1566 4171 1566 2087 3834 2360 4220 2126 2425 3599 755 2225 622 253 1484 833 2383 4397 827 1369 368 4487 4057 187 1194 3033 1076 1076 3797 120 1296 2420 2868 981 1768 4419 2610 361 610 1401 1401 3779 4112 4166 3118 2509 3346 3965 2418 4383 2759 2237 253 2237
212 2741 1524 3047 4398 2333 1870 3733 1870 1635 1635
213 2885 3109 3215 909 3163 3163 909 2892
214 4473 4473 1162 4351 4589 1881
215 616 2862 3748 922 300 143 4408 1294 657 1294 2163 108 2836 4289 2939 2432 4371 2719 2855 3773 2562 2562 3480 3480
216 3188 505 505 1884 471 2697 3616 140 505 3671
217 1880 1880 1963 1880 1880 1996
218 4308 4352 2133 1262 4050 2778 2462 937 4352 4391 1644 1938 1008 3476
219 2495 1337 2495 1337
220 2848 42 611 2376 4286 3194
221 1272 2789 1563 3593 2435 1037
222 2612 4216 4318 1734 4413 3204 3164 1618 3371
223 4022 3672 3712 3338
224 1908 1734 3638 3232 3232 3544 54 3041 2141 4348 729 3640 1800 3544 1800 4348
225 1403 1403 1966 2426 2419 3201 3201 3201 3201 1403 1605 1966 857 3735 107 2603 2603 1764 4373 3221 4163 3447 3447 2426
226 3249 3249 2904 2093
227 620 3699 2878 3971 4319 4130 393 2878 393 1027 1027
228 4557 3589 1362 1362 25 25 3540 1362
229 3249 1734 1734 3226 3249 3249 922 3249
230 1853 1853 2834 1853 2834
231 1734 3192 1150 1150
232 1268 1268 204 204 1268
233 901 482 3648 1761 1761
234 3249 922 922 538 445 445 3816 2667 445 445 594 3441 1377 603 247 3390 603 603 1377 1045 4598 3783 3673 2987 2795 3370 603 3783 4191 603 603 603 2523 4444 230 4499 4444 4101 2256 1264 1840 3138 4424 3460 1961 2511 1219 4054 1219 4054 4259 4157 3995 711 2012 1805 2525 1786 3130 2651 2651 3130 1990 2773 2517 2541 2517 576 576 1356 2240 3386 1405 1405 2821 394 1642 4596 1664 3492 388 697 2497 4448 730 2195 3050 4212 1527 1318 779 779 4108 2478 2195 2751 2919 2068 2095 3098 3764 4282 2068 4125 602 535 1090 1183 348 4494 4349 2394 348 293 2143 4283 2238 1766 3387 2440 1245 2865 3099 1572 825 1572 2796 3011 435 435 3129 4468 3051 435 3129 2575 4252 2479 2226 2534 2534 170 2479 3208 170 3196 2040 3709 4176 1447 2706 4371 3808 3808 923 970 3495 1072 519 4252 3808 923 3357 4000 2747 4026 3289 4509 4000 2187 2502 86 4396 4396 3239 4396 2260 3239 4396 3239 2260 2624 3864 3864 1789 3930 2801 4026 1454 869 4287 2725 480 3864 2966 1661 3519 1400 2532 2532 2532 4028 423 4138 3966 1319 1319 3179 1319 987 3144 3144 228 2213 2816 4307 167 1684 1259 2543 4062 4062 4538 4519 4454 2698 2739 2757 4013 2106 4017 4340 4340 1002 2452 2582 4078 2368 4262 2886 3641 4072 2139 1163 2780 2785 2785 2785 1374 3892 2582 3953 2185 2093 529 3015 745 2500 2500 2860 2860 3015 2500 2500 2500 2860 3076 3607 4533 2408 890 4431 3156 1266 1758 1758 1758 1758 2038 4146 3156 1999 2301 2937 756 1266 3688 4486 3397 4486 3472 1481 1313 574 3049 3036 2618 3496 2470 859 3307 1151 2470 3307 3994 712 1128 2470 859 3307 1151 2470 3307 3994 712 1128 3398 3448 1357 4242 2814 1855 3448 2184 3433 2998 3686 1812 1714 1714 3087 2464 4341 4215 2140 1287 4422 1323 2758 2823 572 3271 3696 3070 1179 1677 1335 1335 2490 2490 700 700 700 125 125 746 746 3489 3489 2333 2333 2333 1657 1657
235 1521 4548 4548 2579 4548
236 4476 4476 2972 2972
237 1180 4173 4329 4011
238 3734 3734 2231 2231 2433
239 1927 4184 109 4184 1023 2082 2011
240 4535 1326 3341 3341 1568
241 1927 1699 689 4254 1005 2249 2249 5 428 1763 2118 2118
242 1819 1071 1071 3407 2150 917
243 966 2189 803 448 702 911 448 3085
244 4476 4476 3187 966
245 850 850 3037 3037 122 850 3037 122 2242 850 2890 2890 1214 1010 2904 4520 3395 2269
246 2303 1673 3326 4082 2579 2303 4479 4479
247 87 1000 860 4505
248 3005 1537 2465 1619 1735
249 3311 2692 3249 3249 3109 3109 2824 2619 3821 4410 2012 2280 1551 3175 4394 4394 2619 293 293 3136 3136
250 502 1528 2315 2315
251 768 821 3105 136 953 160 415 3029 2152 2936 2614 2342 1997 3087 964 419
252 4161 3762 2273 3970
253 497 2828 502 1405 1405 2821 2463 3043
254 4161 2941 1129 1972 799 2405 2334 2048 3013 3293 309 309
255 4090 1436 2985 1582 1582
256 4427 2400 3664 3664
257 2066 2736 4386 333 1735
258 1320 4265 4606 1131
259 2824 4542 388 497 1190 2850 922 2311 1521
260 1292 1292 1204 1004 593 3655 2232 759 314 1385 3140 811 1745 2512 1243 1243
261 2850 949 1757 1292 333 908
262 1006 3818 3818 3879 4190 295
263 3209 4539 1717 2914 3229
264 2561 492 2002 1292 333 4542 2850
265 2889 2889 2068 2068 2068
266 420 2743 4485 2674 2674 4485 4485 2767 2767 1052 1738 3833 1945 1139 1945 3833 1738 1738 1738 1738 3536 3536
267 4536 1036 1467 171 4066
268 4536 242 2338 2166 20 1607 2338 2324 3477 3973 13 3692 720 3477 4012 2128 720 900 4252 893 4083 4356 701 2628 2337 2806 1155 3483 919 2616 2616 919
269 979 979 3008 4550 317
270 2866 4149 4149 201 2857 2857 2857 2857 2857 2857
271 4572 652 3461 3979 1820 417 2719 3558 2920 2714 4579 1647 1568 2449 4345 2748 1164 2164 3247 2246 4118 3258 677 3991 3427 2275 168 429 232 2748 340 2284 3952 357 357 357
272 4004 4043 1401 3777 491 162 3867 3263 4359 497 497 497 497 497 497 497
273 2316 526 3238 2316 1662 4252 2316 3238 787
274 1820 4322 3512 1269
275 1437 4530 2318 3837 3470 3901 3827 1989 2810 769 316 3442 4594 4594 4594 683 4432 4530 2318 3470 3901 1989 2810 769 4530 2318 200 1740 3122 528 3442 200 3918 1740 528 2563 863 863 2563 863 1215 3122 528 1437 863 1215 2563 1215 3918 3918 2563
276 4221 3217 3217 2120 4221 3084 3084 3084
277 4554 1321 1373 1674
278 67 158 131 131 626 131
279 3169 2606 3329 4148 3329
280 2719 2719 2719 2719 2719 2579 293 2066 4371 4371 4371 1732 3381 3381 1732 3716 1969 1647 3716 3466 4582 2727 284 678 4337 1951 2544 1302 2097 1302 2544 159 3862 4371 3427 975 3427 165 1220 4469 3427 152 3298 4345 3298 3640 1347 3503 1466 955 1352 4361 3895 3895 4327 4327 4483 4483 4371 1647
281 4252 3259 2606 3444 2716 623 3014 623 3548 498 623
282 883 3787 2165 3855 3112 1933 119 3933
283 3539 3539 3539 3539 3539 3539 3539 3539
284 1292 2829 1028 1028 4162 4209
285 2353 1827 666 3044 1827
286 252 2579 1167 1167 3001 4264 861 3491 1687 4440 3693 2016
287 1601 2781 2781 2781
288 3761 495 2295 919
289 1614 1614 1614 3788 3788 4095
290 2398 1144 699 484 1556 484 138 2637 699 699
291 931 3089 931 3089
292 3087 3087 3087 1702 3166 1653 4197 4536 3489 2775 975 2317 3952 331 1612 3952
293 3617 800 800 4297 1378 4297 4297 4297 1979 4297 4297 4198 2218 2636 3384 2636 3891 3572 1378 534 4247 4297 534 4297
294 3087 3087 3087 2850 4306 218 3087 3011
295 2828 3087 2699 3423 155 1346 3434 1227 1048 1843 4525
296 1057 1057 1057 1057
297 218 1363 1018 439 18 2869 4564 1752 658 1799 3011 3950 439 1651 1651 4085 2869 658 3011
298 875 875 3280 4121
299 2811 2811 1030 4342 1043 1043
300 2350 1663 518 1663 518 2851 4388 2912 1663 4228 1497 3382 4362 2350
301 1769 1769 71 4174 3841 804 4267 2024
302 3902 4437 1808 2550 3391
303 384 2458 34 2281 1107 3498 2388 124 97 3618 3605 227 1134 32 1316 4367 4291 137 2461 1250 1676 1676
304 2818 1378 4371 1820
305 2113 2235 2235 1613
306 3389 892 1984 1568 1869 2953 4521 4455 3077 2456 233 3450 2997 4073
307 3342 4141 3893 579
308 3295 3295 2877 1327 4392
309 1593 1334 3862 3862
310 676 2890 676 1568 1429 1568 2353 3058 4345
311 3664 1440 1440 3664
312 4549 4549 1653 1653 1653 1653
313 761 3753 3417 536 536
314 3412 580 4477 1145 1815 758 4037 4566 4566 1413 4042 698
315 3664 3862 3862 3862
316 2735 4033 4460 1097 378 938 607 4488
317 1653 3862 1653 1653 3862 3862
318 4278 1746 3234 1329 1430
319 2746 549 2746 2746 4447 1580
320 3847 3862 3862 3860 3847 3847 2931 2931 3860 3355 3860 523 1776 1776 523 920 3953 523 3860 3860 3355 975 975 920 3953 3814 3814
321 3813 1871 275 2791
322 503 442 1893 644 503 503 504 2578 503 503 644 644 1893 2578
323 1744 1744 3352 3079 3079 3365 2167 2167
324 814 4456 842 1861 3517 2399 2707 2663
325 3374 4218 2295 3064 1063 2457 1696 877 3064
326 1647 4522 4585 293 3218 1647 3952 4345 3544 3058 3058 1647
327 4165 2427 1711 924 2427 2233 2233 3579 924 2233
328 3958 2188 1647 1647 1647 2188 46 46 975 975 4496 3544 1647 823 4425 4425 4496 691 3640 691 3640 3640
329 189 885 3100 661 2997 231
330 762 1677 1677 3489 3489
331 2890 1883 1883 1378 1653 676 2890 2093 958 1647 4513 3862 1653 4549 2890 1883 2093 958 3637 3342 3994 2904 4513 3862 1653 1653 4549 1333 3862 3862 1653 4549 1333 1333 1647 823 823 1653 1883 1883
332 2439 2439 3843 379 2999 2999 1647 1813 1813 1813 2629
333 305 2244 1291 1291 1455 1455 1455 1455
334 3862 3862 3952 62 62 3952
335 3955 783 903 903 3302 2978 1260 1260
336 1059 1059 2445 1059 3569
337 3906 3400 3400 476 476 3400
338 2890 1647 3994 3427 4345
339 424 165 165 165 165 165
340 2904 2904 1883 125 165 125
341 254 3873 3336 78 2056 78 78 78 2752 3575 296 296
342 2748 3850 1775 4574
343 696 1135 3727 4417 1043 4417 3727 1043
344 4113 4273 915 3804 2191
345 991 991 41 4234 315 2910 723 4441 3649 1773 1773 3811
346 1340 1522 3703 1596 1101 410 4417 1340 4417
347 283 2633 2014 3604 3758 1504 4445 1608 3315
348 1967 4044 1967 1967 1967 2484 421 421 421
349 4345 4496 4496 4496
350 734 2833 1011 800 734 734 4240 1949 3154 2678 3292 2021 4007 2021
351 3427 3427 165 4496
352 38 1207 1193 4071 4071 4071 279
353 975 975 975 975 975 975 975
354 139 714 690 835 139
355 4496 3640 3640 3427 1883 37 37 908 4066 3640 357 231 4206
356 101 53 4087 2330 53
357 4496 3058 1704 4580
358 3058 485 2632 485 2632
359 134 3298 134 3743
360 2317 134 134 134 134 134 2317
361 3952 3650 1962 2528 1962
362 2748 3640 2997 3640 1446 2890 3952 1446 106 4478 770 2748 3000 2345 2345 2345 3145 3145
363 1703 1041 1041 2764 2764 2764 1041 3478 2129 2441 1041
364 2044 2044 273 273 2732 2414 2414 4002
365 885 3640 3640 3640 3640 958 4371 3640 3640 1336 1336 3640 3640
366 3640 3640 3956 846 2046 2046 1338 4126 1283 4295 2473 1885
367 3298 4345 3427 3427 3669 4345
368 945 2351 1406 1441 2351
369 150 446 147 3977
370 983 1930 983 983 983 1930 11 2748 2333 885 885 4576 4576 2103 4204 748 2997 2997 2642 1956 878 474 2997 2168 1063 1063 431
371 4549 2297 921 3640 231 4549 921 4549
372 2874 2874 2638 1263 573
373 11 231 2904 4536 693 190 3952 514 4335 2355 3980 2063 2797 2956 1781 222
374 2331 2079 4599 2873
375 3952 3952 1252 581 1775
376 231 2164 231 231 231 691
377 231 231 3489 3489
378 1903 2378 341 2378 2164 3850 3704 3421 3764 4017 1903 2317
379 2392 2392 3958 3527
380 3504 382 11 1903
381 2392 3308 3640 2392 878 231 11 1336 1336 1336 1336 1336
382 2392 453 3527 2392
383 2392 3958 1336 3298 454 3489
384 3850 3489 823 3427
385 231 11 1903 885
386 691 11 4093 3945 346 1526 2236 3952 975 165 3058 2748 2748 2890 2997 62 3958 357 1775
387 4438 4438 3083 4328 4222 617 79 2391 617 79 2391 2391 617 79 2391 2391 617 79 79 4222 3083 4328
388 454 11 1903 3952 11 1903
389 3087 1671 4296 3022 4006 4168 2451 1019 4168
390 1772 1776 1533 270 2694 174 3700 1772
391 3952 3952 3640 1216 412
392 4496 823 2001 2001 2579 1467 4471 303 3619 3619 3619 3619 4052 1960 1577 1577 782 604 310 542 1727 3619 1960 1960 1960 3987
393 1776 1611 3957 1536 1611 1536
394 1776 231 106 2210 4232 2883
395 231 11 691 3793 1275 3298 231 118
396 3952 3298 1775 1775 1775 4345
397 4369 2127 2127 116 543
398 11 3058 3058 3058 3058 11
399 231 62 62 62
400 3261 3261 1934 819 819
401 1136 1136 1136 3945 3945
402 1518 3273 4381 292 2448 2961 1060 1845 823
403 357 357 2906 2997 3159 3159 231 3087 3952 4345 3427 3544
404 4274 357 62 1063 2997
405 1063 1446 3378 3378
406 2906 1728 3819 3819 456 1477 1063 3218 1446 3353
407 389 389 389 389 389 156 375 3451 3393 3393 156 375 3451 2649 1602 3486 285 1894 1875 1099 1826 2054 4280 389 156 375 3451 3393 3393 389 3393 3393 3393 156
408 2584 969 969 3010 969 2584
409 62 62 62 62 1647
410 1063 1886 1446 357 1776 1903 1886 3058 4496 384 1886 62 1886 1886 2194 1775 2194 1063 1063 1063 1063 1063 1063 4574 4574 3512 4345 357
411 946 1517 3960 3684 3654 4501 2975
412 62 2906 4345 4513 1446 3640
413 1428 1299 1428 3799 977
414 3512 1886 62 62 1886 62 1886 4345 975
415 2186 2186 2551 3982 386 2186 2551 191 2291 2088 3413 1061 1123 2291 2088
416 1446 3512 1032 2227 1032 2917 3034 3592 1490
417 4061 2110 4061 1063 1063 2289 77
418 3427 1775 2997 2997 3418 3418 3418 2453 4071
419 1886 1775 3512 1446 1903 11 691
420 823 823 4549 62 357 2997
421 2194 4559 3766 4345 4345 1063 670 4345
422 4345 3017 4345 1647 3516 455 3516 1647
423 4345 1647 1647 4574 2997 1775 4345 455 3427 3952 2168 2309 4574 2194 3512
424 4574 1647 3267 639 2591 3050
425 4574 3216 3216 2874 2874 2874 1775 1775 1775
426 1276 353 31 1286 4350 3123 1276
427 43 3437 3629 3629
428 4250 4098 4250 1184 1184
429 3669 4375 1916 3506 4375 1721 4156 4584 1603 4151 4151 3669 4574 2194 357
430 2194 4574 3360 643
431 568 568 1775 1775 1091 3516 3724 3348 4345 1647 3372 3372
432 237 237 643 643 2049 2049 2049
433 3430 2671 2176 1690 1690 3430 1690
434 1552 1552 1552 1552 1552 4588 4588
435 1705 1379 3521 2988 2852 1021 3025 3025 3521
436 1446 3844 3669 395
437 395 395 62 62 62
438 4401 4345 3559 3072 1647
439 4237 922 3318 3318 3318 558 2876 2010 1723 320 3874 3874 4492
440 2744 2744 2887 2887
441 1647 455 3298 3952 4092 3559
442 718 718 3159 343 343 2686 3380 3380 343 4529 1594 1594 1594 1199 3422 2358 2843 1847 4251 1300 4152 1300 1300 4428
443 2130 3180 2130 1253 2592 4409
444 1122 1647 654 3516 654
445 4345 455 4345 1446 1489
446 4345 4345 4345 3952 4326 1647
447 3125 1156 673 103 806 2825 822 2276 2261 1104 2261 2261 2261 2261 1104 3125
448 3820 541 3963 1784 1784 590
449 2765 4167 830 4167 830 4167 830 830
450 4597 4243 897 4464 3644
451 4496 3489 4549 3516 4401 395 2010 3669 231 2317 1647 2844 384 384 524 2069 165 3896 3896 667
452 2196 879 867 3807
453 1975 1975 2004 2307
454 2644 2644 2644 4102
455 1056 2124 56 3066 1217 790 2422 2422 279 568 2124 2422 2422 2422
456 4443 306 26 26 2230 2230
457 1254 2929 1235 1399 4249
458 4345 431 4345 4345 4345 4345 4345
459 455 181 263 2569 2442 4426
460 4345 2422 2990 278 728 2325 1073 458
461 2990 2990 2990 2990 2990 1729 1444
462 1550 4430 3438 1748
463 1380 1236 3861 2489 3511 4074 3878 2197 3940
464 2595 3604 2845 2845
465 2309 1446 2314 704 3760
466 3060 2763 3865 4303 4303
467 1040 4345 4345 2422 2422 2422 4345 4345
468 3284 4345 455 1336 1108 2390 2390 455 2390
469 3651 457 3651 457 457 1432 3870 1516 2702 2702 2702 2702
470 4099 4099 1446 1446 2228 2228 2422 2422
471 933 933 2745 478 3551 1488 1488 1488 1488 3501 933 2745 478 1488 3501 933
472 2672 3494 4395 3494 2243 2053 3639 1024
473 514 514 514 514
474 2640 2640 993 993
475 1511 4364 4364 4364 1511 4364
476 3544 3931 4326 3180
477 209 307 307 1523 209
478 3419 3419 3419 3419 3419 3791
