14 443 1
14 512 1
14 2179 1
14 2318 1
14 2549 1
17 1329 1
17 3108 1
22 104 1
22 1084 1
22 1227 1
22 1332 1
22 2130 1
22 2577 1
22 2921 1
22 4132 1
22 4319 1
22 4842 1
23 55 1
23 640 1
23 794 1
23 1158 1
23 1215 1
23 1751 1
23 2191 1
23 2806 1
23 3283 1
23 3477 1
23 3526 1
23 3703 1
23 4055 1
23 4249 1
23 4351 1
23 4511 1
23 4686 1
23 5053 1
24 3154 1
24 4200 1
24 4734 1
24 4776 1
31 2547 1
38 4938 1
55 968 1
55 1484 1
55 1641 1
55 1935 1
55 1995 1
55 2561 1
55 3477 1
55 4806 1
55 4908 1
55 5132 1
60 1190 1
60 4364 1
63 74 1
63 3418 1
63 3560 1
68 808 1
68 1376 1
68 1686 1
68 1847 1
68 1848 1
68 1875 1
68 2037 1
68 2316 1
68 2326 1
68 2352 1
68 2814 1
68 2956 1
68 3343 1
68 3387 1
68 3497 1
68 3534 1
68 3579 1
68 3941 1
68 3969 1
68 4031 1
68 4135 1
68 4558 1
68 4716 1
68 4720 1
68 4896 1
68 4923 1
68 4932 1
68 5005 1
68 5088 1
74 1079 1
74 1436 1
74 2493 1
74 3716 1
74 4545 1
78 1036 1
78 1656 1
78 2065 1
78 2697 1
78 4594 1
78 4761 1
82 177 1
82 974 1
82 1171 1
82 1642 1
82 2841 1
82 2914 1
82 2969 1
82 4642 1
82 4696 1
82 4846 1
89 524 1
89 1544 1
89 2101 1
92 1055 1
95 443 1
95 512 1
95 2179 1
95 2318 1
95 2549 1
98 507 1
104 1084 1
104 1227 1
104 1332 1
104 2130 1
104 2577 1
104 2921 1
104 4132 1
104 4319 1
104 4842 1
105 650 1
105 2992 1
105 3560 1
116 411 1
116 1708 1
116 3746 1
118 3560 1
118 4975 1
134 834 1
134 1571 1
134 2441 1
134 3295 1
134 4203 1
137 722 1
150 2055 1
151 224 1
151 418 1
151 585 1
151 946 1
151 1203 1
151 1248 1
151 1380 1
151 1464 1
151 1639 1
151 2664 1
151 4503 1
151 4857 1
151 5013 1
171 5055 1
175 1832 1
175 2702 1
175 2908 1
177 1171 1
177 1642 1
177 1932 1
177 2561 1
177 2969 1
177 3155 1
177 4846 1
177 5226 1
182 189 1
182 418 1
182 810 1
182 1461 1
182 2250 1
182 2284 1
182 2307 1
182 2891 1
182 3815 1
182 3841 1
182 4280 1
182 4502 1
182 4503 1
182 4507 1
182 5222 1
182 5321 1
191 2861 1
191 4131 1
200 653 1
200 937 1
200 1722 1
200 2420 1
200 3450 1
200 5123 1
205 3664 1
210 4280 1
214 741 1
214 832 1
214 1297 1
214 1412 1
214 1449 1
214 1988 1
214 1996 1
214 2313 1
214 2701 1
214 3745 1
214 3868 1
214 4809 1
214 4959 1
221 1802 1
221 2189 1
221 2646 1
221 2684 1
221 4630 1
221 4987 1
224 402 1
224 418 1
224 585 1
224 946 1
224 1464 1
224 1639 1
224 1657 1
224 3560 1
224 3743 1
224 4503 1
224 4560 1
224 5013 1
224 5035 1
226 1869 1
226 3543 1
226 5164 1
245 1513 1
247 3145 1
247 3330 1
247 3619 1
247 4339 1
256 964 1
256 1575 1
256 2249 1
256 2652 1
256 3748 1
256 5202 1
285 365 1
285 1091 1
285 3349 1
304 1341 1
304 4285 1
315 1879 1
320 626 1
320 952 1
320 1631 1
320 1828 1
320 2111 1
320 2297 1
320 2616 1
320 2695 1
320 3851 1
320 3861 1
320 3921 1
320 4865 1
327 3730 1
332 1135 1
332 2925 1
332 3243 1
332 4285 1
332 4628 1
338 2284 1
346 359 1
346 815 1
346 972 1
346 985 1
346 1100 1
346 1629 1
346 1661 1
346 2435 1
346 2897 1
346 3335 1
348 1096 1
350 367 1
353 2279 1
353 3540 1
353 3646 1
353 4096 1
353 4231 1
353 4381 1
353 4548 1
353 4737 1
359 815 1
359 972 1
359 985 1
359 1100 1
359 1629 1
359 1661 1
359 2435 1
359 2897 1
359 3335 1
361 1043 1
361 5043 1
363 811 1
365 1091 1
365 1683 1
365 3349 1
383 3577 1
383 5197 1
385 1212 1
385 4414 1
396 648 1
396 651 1
396 922 1
396 1502 1
396 1577 1
396 1781 1
396 1887 1
396 2098 1
396 2157 1
396 2226 1
396 2250 1
396 2389 1
396 2505 1
396 3362 1
396 3722 1
396 3841 1
396 4126 1
396 4433 1
396 4515 1
396 4529 1
396 4753 1
396 5222 1
396 5289 1
402 1203 1
411 2759 1
418 585 1
418 1203 1
418 1380 1
418 1639 1
418 5013 1
418 5035 1
422 1506 1
422 3965 1
422 4616 1
422 4931 1
424 4566 1
429 4158 1
429 4482 1
435 899 1
435 1416 1
435 3282 1
435 3442 1
435 4057 1
435 4119 1
443 512 1
443 2179 1
443 2318 1
443 2549 1
444 2765 1
450 3235 1
460 2077 1
460 2666 1
468 3632 1
468 3946 1
482 1140 1
482 2036 1
482 3619 1
482 4339 1
485 1140 1
485 2036 1
491 777 1
491 2827 1
491 3371 1
491 3934 1
491 4528 1
491 4698 1
495 670 1
495 733 1
495 922 1
495 950 1
495 1051 1
495 1212 1
495 1378 1
495 1577 1
495 1734 1
495 2050 1
495 2779 1
495 3362 1
495 3516 1
495 3541 1
495 3590 1
495 3730 1
495 3808 1
495 3895 1
495 4276 1
495 4320 1
495 5132 1
495 5222 1
495 5329 1
496 4188 1
499 585 1
499 3229 1
504 1802 1
504 2189 1
504 2646 1
504 2684 1
504 4630 1
504 4987 1
512 2318 1
523 777 1
523 2827 1
523 3371 1
523 4933 1
524 1544 1
530 614 1
530 1110 1
530 3486 1
530 4218 1
550 3622 1
550 4113 1
550 4197 1
558 1502 1
558 2389 1
558 4180 1
585 1203 1
585 1248 1
585 1380 1
585 1464 1
585 1639 1
585 2664 1
585 4503 1
585 4857 1
585 5013 1
585 5035 1
585 5109 1
594 1802 1
594 2189 1
594 2646 1
594 2684 1
594 4630 1
594 4987 1
614 1110 1
614 3486 1
614 4210 1
614 4218 1
626 952 1
626 1631 1
626 1828 1
626 2111 1
626 2228 1
626 2297 1
626 2616 1
626 2695 1
626 3851 1
626 3861 1
626 3921 1
626 4865 1
640 968 1
640 1484 1
640 1641 1
640 1935 1
640 1995 1
640 2561 1
640 3477 1
640 4806 1
640 4908 1
640 5132 1
647 3337 1
648 651 1
648 922 1
648 1502 1
648 1781 1
648 2098 1
648 2157 1
648 2389 1
648 3362 1
648 5289 1
650 2992 1
650 3560 1
651 1502 1
651 1781 1
651 1887 1
651 2157 1
651 2389 1
651 3362 1
651 5289 1
653 937 1
653 1722 1
653 2420 1
664 1540 1
664 2827 1
664 4529 1
665 922 1
665 1935 1
665 3362 1
665 4753 1
665 4908 1
665 5222 1
670 1493 1
670 1577 1
670 2113 1
670 2760 1
670 3516 1
670 3895 1
674 752 1
674 1420 1
674 1490 1
674 1737 1
674 1779 1
674 2483 1
674 3375 1
674 4858 1
708 4975 1
721 1212 1
722 1299 1
731 3209 1
731 3619 1
731 4339 1
731 4603 1
733 2760 1
733 3808 1
739 1047 1
739 1568 1
739 2411 1
739 2763 1
739 3491 1
739 3870 1
739 4425 1
739 5256 1
741 1297 1
741 1412 1
741 1449 1
741 1988 1
741 1996 1
741 2313 1
741 2701 1
741 3638 1
741 3745 1
741 3868 1
741 4809 1
741 4959 1
745 4992 1
748 1935 1
748 2106 1
748 4908 1
751 885 1
751 2168 1
751 2567 1
751 3429 1
751 4284 1
751 5085 1
752 1420 1
752 1490 1
752 1737 1
752 1779 1
752 2483 1
752 3375 1
752 4858 1
763 5239 1
777 1540 1
777 2795 1
777 2827 1
777 3934 1
777 4528 1
777 4698 1
777 4933 1
794 968 1
794 1484 1
794 1641 1
794 1935 1
794 1995 1
794 2561 1
794 3477 1
794 4806 1
794 4908 1
794 5132 1
795 1380 1
795 1493 1
795 4280 1
795 4285 1
795 4628 1
799 1140 1
799 2036 1
799 2040 1
799 2462 1
802 1140 1
802 1373 1
802 2036 1
802 2040 1
802 2124 1
802 2247 1
802 2462 1
802 4862 1
802 4975 1
808 1376 1
808 1686 1
808 1847 1
808 1848 1
808 1875 1
808 2037 1
808 2316 1
808 2326 1
808 2352 1
808 2814 1
808 2956 1
808 3343 1
808 3387 1
808 3497 1
808 3534 1
808 3579 1
808 3941 1
808 3969 1
808 4031 1
808 4135 1
808 4558 1
808 4716 1
808 4720 1
808 4896 1
808 4923 1
808 4932 1
808 5005 1
808 5088 1
810 1461 1
811 3613 1
815 985 1
815 1100 1
815 1629 1
815 1661 1
815 2435 1
815 2897 1
815 3335 1
820 1851 1
820 2066 1
820 2570 1
820 3162 1
824 1096 1
825 2818 1
825 3066 1
832 1297 1
832 1412 1
832 1449 1
832 1988 1
832 1996 1
832 2313 1
832 3638 1
832 3745 1
832 3868 1
832 4809 1
832 4959 1
834 1571 1
834 3295 1
834 4203 1
839 5240 1
844 1796 1
844 3451 1
861 5295 1
866 1212 1
876 3463 1
876 3516 1
876 3895 1
876 4285 1
876 4628 1
876 5060 1
882 1079 1
882 1792 1
882 4285 1
882 4545 1
882 4628 1
882 5272 1
885 2168 1
885 2567 1
885 3429 1
885 4284 1
885 5085 1
891 4975 1
894 959 1
894 4280 1
899 1416 1
899 3282 1
899 3442 1
899 3452 1
899 3796 1
899 4057 1
899 4119 1
907 1317 1
914 2125 1
914 2909 1
914 2982 1
914 3306 1
914 3489 1
914 3831 1
914 3891 1
914 4140 1
914 4723 1
922 1502 1
922 1781 1
922 1887 1
922 2157 1
922 2389 1
922 2668 1
922 2735 1
922 2760 1
922 4566 1
922 4753 1
922 5132 1
922 5289 1
937 1722 1
937 2420 1
937 3450 1
937 5123 1
946 1203 1
946 1212 1
946 1380 1
946 1639 1
946 1859 1
946 3067 1
946 3229 1
946 3834 1
946 3946 1
946 4975 1
946 5013 1
946 5035 1
950 2760 1
950 2839 1
950 3730 1
952 1631 1
952 1828 1
952 2111 1
952 2228 1
952 2297 1
952 2616 1
952 2695 1
952 3851 1
952 3861 1
952 3921 1
952 4865 1
959 1364 1
959 3934 1
959 4280 1
964 1575 1
964 2249 1
964 2652 1
964 3748 1
964 5202 1
968 1158 1
968 1215 1
968 1751 1
968 1932 1
968 2191 1
968 2561 1
968 2806 1
968 2872 1
968 2969 1
968 3057 1
968 3155 1
968 3283 1
968 3526 1
968 3703 1
968 4055 1
968 4249 1
968 4351 1
968 4438 1
968 4511 1
968 4686 1
968 4687 1
968 4846 1
968 5053 1
968 5226 1
972 985 1
972 1100 1
972 1629 1
972 1661 1
972 2435 1
972 2897 1
972 3335 1
974 3443 1
985 1100 1
985 1661 1
985 2435 1
985 2897 1
985 3335 1
1022 1832 1
1022 2702 1
1022 2908 1
1023 2516 1
1023 2968 1
1036 2065 1
1036 4761 1
1043 2221 1
1043 5043 1
1047 1568 1
1047 2109 1
1047 2411 1
1047 2763 1
1047 2833 1
1047 3491 1
1047 3773 1
1047 3870 1
1047 4425 1
1047 5256 1
1051 2760 1
1057 1351 1
1057 1946 1
1057 2005 1
1057 4363 1
1058 2881 1
1079 1792 1
1079 2771 1
1079 3078 1
1079 4285 1
1079 4628 1
1079 5272 1
1084 1227 1
1084 1332 1
1084 2577 1
1084 2921 1
1084 4132 1
1084 4319 1
1084 4842 1
1088 4592 1
1091 1683 1
1091 3349 1
1096 4658 1
1100 1629 1
1100 1661 1
1100 2897 1
1100 3335 1
1110 3486 1
1110 4210 1
1110 4218 1
1135 2925 1
1135 3625 1
1135 4285 1
1135 4628 1
1140 3145 1
1140 3229 1
1140 3330 1
1140 3619 1
1140 3731 1
1140 4339 1
1140 4862 1
1140 5311 1
1158 1484 1
1158 1641 1
1158 1935 1
1158 1995 1
1158 2561 1
1158 3477 1
1158 4806 1
1158 4908 1
1158 5132 1
1171 1642 1
1171 2841 1
1171 2969 1
1171 4084 1
1171 4642 1
1171 4696 1
1171 4846 1
1190 4364 1
1197 1586 1
1197 2253 1
1197 4376 1
1197 5262 1
1203 1464 1
1203 1639 1
1203 1657 1
1203 3560 1
1203 3743 1
1203 4503 1
1203 4560 1
1203 5013 1
1203 5035 1
1206 4454 1
1206 4860 1
1210 3622 1
1210 4113 1
1210 4197 1
1211 1859 1
1211 3590 1
1211 3946 1
1212 1748 1
1212 2760 1
1212 2827 1
1212 3203 1
1212 3408 1
1212 3730 1
1212 4975 1
1215 1484 1
1215 1641 1
1215 1935 1
1215 1995 1
1215 2561 1
1215 3477 1
1215 4806 1
1215 4908 1
1215 5132 1
1227 1332 1
1227 2130 1
1227 2577 1
1227 2921 1
1227 4132 1
1227 4319 1
1227 4842 1
1230 1739 1
1230 2436 1
1248 3619 1
1248 4339 1
1248 4975 1
1248 5035 1
1252 4902 1
1260 1882 1
1262 2455 1
1262 3591 1
1291 4369 1
1294 5223 1
1297 1412 1
1297 1449 1
1297 1988 1
1297 1996 1
1297 2313 1
1297 2701 1
1297 3638 1
1297 3745 1
1297 3868 1
1297 4809 1
1297 4959 1
1317 4681 1
1326 3577 1
1326 5197 1
1332 2130 1
1332 4132 1
1332 4319 1
1332 4842 1
1340 2269 1
1340 3196 1
1341 4285 1
1341 4628 1
1342 1685 1
1342 2747 1
1342 4080 1
1342 4102 1
1342 4283 1
1351 1355 1
1351 2005 1
1351 4363 1
1355 1946 1
1355 2005 1
1355 4363 1
1373 2247 1
1373 2640 1
1373 4710 1
1373 4975 1
1373 5311 1
1376 1686 1
1376 1847 1
1376 1848 1
1376 1875 1
1376 2037 1
1376 2316 1
1376 2326 1
1376 2352 1
1376 2814 1
1376 2956 1
1376 3343 1
1376 3387 1
1376 3497 1
1376 3534 1
1376 3579 1
1376 3941 1
1376 4031 1
1376 4135 1
1376 4558 1
1376 4716 1
1376 4720 1
1376 4896 1
1376 4923 1
1376 5005 1
1376 5088 1
1378 1493 1
1378 1577 1
1378 2113 1
1378 2760 1
1378 3516 1
1378 3895 1
1380 1464 1
1380 1859 1
1380 2040 1
1380 2242 1
1380 2284 1
1380 2462 1
1380 3067 1
1380 3946 1
1380 4152 1
1380 4280 1
1380 4285 1
1380 4503 1
1380 4507 1
1380 4628 1
1380 5035 1
1380 5109 1
1386 2216 1
1386 3590 1
1386 4276 1
1388 2561 1
1388 3477 1
1388 5122 1
1391 2505 1
1391 4433 1
1412 1988 1
1412 1996 1
1412 2313 1
1412 2701 1
1412 3638 1
1412 3745 1
1412 4809 1
1412 4959 1
1416 3282 1
1416 3442 1
1416 3452 1
1416 3796 1
1416 4057 1
1420 1490 1
1420 1737 1
1420 1779 1
1420 2483 1
1420 3375 1
1420 4858 1
1423 4883 1
1430 3105 1
1430 4454 1
1436 3418 1
1436 3560 1
1449 1988 1
1449 1996 1
1449 2313 1
1449 2701 1
1449 3638 1
1449 3745 1
1449 4809 1
1449 4959 1
1450 2040 1
1450 2462 1
1461 3057 1
1461 3815 1
1461 4438 1
1461 4992 1
1464 1639 1
1464 2061 1
1464 5013 1
1464 5035 1
1465 1800 1
1465 4115 1
1465 5009 1
1480 4869 1
1480 4951 1
1480 5305 1
1484 1751 1
1484 1935 1
1484 2191 1
1484 2561 1
1484 2806 1
1484 3283 1
1484 3477 1
1484 3526 1
1484 3703 1
1484 4055 1
1484 4249 1
1484 4351 1
1484 4511 1
1484 4686 1
1484 4908 1
1484 5053 1
1490 1737 1
1490 1779 1
1490 2483 1
1490 3375 1
1490 4858 1
1492 4839 1
1493 5252 1
1502 2098 1
1502 2118 1
1502 2226 1
1502 2250 1
1502 2547 1
1502 2551 1
1502 2919 1
1502 3040 1
1502 3156 1
1502 3362 1
1502 3722 1
1502 3841 1
1502 4126 1
1502 4156 1
1502 4565 1
1502 4794 1
1502 4804 1
1502 5222 1
1502 5289 1
1506 3965 1
1506 4616 1
1506 4931 1
1540 2827 1
1540 3021 1
1540 3371 1
1540 4280 1
1540 4529 1
1540 5076 1
1544 2101 1
1554 4061 1
1554 5338 1
1568 2109 1
1568 2763 1
1568 2833 1
1568 3491 1
1568 3773 1
1568 3870 1
1568 5256 1
1571 2441 1
1571 3295 1
1571 4203 1
1575 2249 1
1575 2652 1
1575 3748 1
1575 5202 1
1577 1932 1
1577 2760 1
1577 2779 1
1577 2969 1
1577 3105 1
1577 3155 1
1577 4529 1
1577 4696 1
1577 4846 1
1577 5222 1
1586 3571 1
1586 4376 1
1586 5262 1
1587 4158 1
1587 4482 1
1606 3719 1
1606 4907 1
1625 4280 1
1625 5222 1
1629 1661 1
1629 2435 1
1629 2897 1
1629 3335 1
1631 1828 1
1631 2111 1
1631 2228 1
1631 2297 1
1631 2695 1
1631 3851 1
1631 3921 1
1631 4865 1
1639 2283 1
1639 2375 1
1639 3560 1
1639 4503 1
1639 4560 1
1639 5035 1
1639 5073 1
1641 1751 1
1641 1932 1
1641 2191 1
1641 2561 1
1641 2806 1
1641 2872 1
1641 2969 1
1641 3057 1
1641 3155 1
1641 3283 1
1641 3526 1
1641 3703 1
1641 4055 1
1641 4249 1
1641 4351 1
1641 4438 1
1641 4511 1
1641 4686 1
1641 4687 1
1641 4846 1
1641 5053 1
1641 5226 1
1642 2841 1
1642 2969 1
1642 4084 1
1642 4642 1
1642 4696 1
1642 4846 1
1654 2880 1
1656 2065 1
1656 4761 1
1661 2435 1
1661 3335 1
1663 3186 1
1683 3349 1
1685 2076 1
1685 4080 1
1685 4102 1
1685 4283 1
1686 1847 1
1686 1848 1
1686 1875 1
1686 2316 1
1686 2326 1
1686 2352 1
1686 2814 1
1686 2956 1
1686 3343 1
1686 3387 1
1686 3497 1
1686 3534 1
1686 3579 1
1686 3941 1
1686 3969 1
1686 4031 1
1686 4135 1
1686 4558 1
1686 4716 1
1686 4720 1
1686 4923 1
1686 4932 1
1686 5005 1
1686 5088 1
1693 2010 1
1708 2759 1
1715 2250 1
1715 3841 1
1722 2420 1
1722 3450 1
1722 5123 1
1730 2022 1
1734 2760 1
1734 2969 1
1734 4846 1
1737 1779 1
1737 2483 1
1737 4858 1
1739 2436 1
1748 4570 1
1751 1935 1
1751 1995 1
1751 2561 1
1751 3477 1
1751 4806 1
1751 4908 1
1751 5132 1
1769 2077 1
1769 2666 1
1779 2483 1
1779 3375 1
1779 4858 1
1781 1887 1
1781 2098 1
1781 2226 1
1781 2250 1
1781 3156 1
1781 3362 1
1781 3841 1
1781 4126 1
1781 4621 1
1781 4753 1
1781 5222 1
1781 5289 1
1792 2284 1
1792 4285 1
1792 4545 1
1792 4628 1
1795 2216 1
1796 2304 1
1800 3114 1
1800 4115 1
1800 5009 1
1802 2189 1
1802 2646 1
1802 2684 1
1802 4630 1
1802 4987 1
1815 2561 1
1815 3477 1
1815 5122 1
1816 2482 1
1816 4091 1
1816 5196 1
1820 3653 1
1820 4306 1
1827 4648 1
1828 2111 1
1828 2228 1
1828 2616 1
1828 2695 1
1828 3851 1
1828 3861 1
1828 3921 1
1828 4865 1
1832 2698 1
1832 2702 1
1832 2740 1
1832 2908 1
1832 2998 1
1835 2860 1
1835 3104 1
1835 4526 1
1847 1848 1
1847 1875 1
1847 2037 1
1847 2316 1
1847 2326 1
1847 2352 1
1847 2956 1
1847 3387 1
1847 3497 1
1847 3579 1
1847 3941 1
1847 3969 1
1847 4031 1
1847 4558 1
1847 4716 1
1847 4720 1
1847 4896 1
1847 4923 1
1847 4932 1
1847 5005 1
1848 1875 1
1848 2037 1
1848 2316 1
1848 2326 1
1848 2352 1
1848 2814 1
1848 2956 1
1848 3343 1
1848 3387 1
1848 3497 1
1848 3534 1
1848 3579 1
1848 3941 1
1848 3969 1
1848 4031 1
1848 4135 1
1848 4558 1
1848 4716 1
1848 4720 1
1848 4896 1
1848 4923 1
1848 4932 1
1848 5005 1
1848 5088 1
1851 2066 1
1851 3162 1
1859 3487 1
1859 3946 1
1869 3543 1
1869 5164 1
1875 2037 1
1875 2316 1
1875 2326 1
1875 2352 1
1875 2814 1
1875 2956 1
1875 3343 1
1875 3387 1
1875 3497 1
1875 3534 1
1875 3579 1
1875 3941 1
1875 3969 1
1875 4031 1
1875 4135 1
1875 4558 1
1875 4716 1
1875 4720 1
1875 4896 1
1875 4923 1
1875 4932 1
1875 5088 1
1879 3409 1
1879 3934 1
1882 3210 1
1882 4111 1
1887 2098 1
1887 2157 1
1887 2226 1
1887 2250 1
1887 3362 1
1887 3841 1
1887 4753 1
1887 5222 1
1930 2472 1
1930 3829 1
1932 2561 1
1932 2841 1
1932 2872 1
1932 2969 1
1932 3832 1
1932 4400 1
1932 4454 1
1932 4642 1
1932 4685 1
1932 4696 1
1932 4846 1
1932 4860 1
1932 5226 1
1935 2191 1
1935 2447 1
1935 2710 1
1935 2806 1
1935 3283 1
1935 3477 1
1935 3526 1
1935 3703 1
1935 4055 1
1935 4249 1
1935 4351 1
1935 4511 1
1935 4686 1
1935 4806 1
1935 5053 1
1935 5076 1
1935 5132 1
1937 2216 1
1937 4529 1
1946 2005 1
1946 4363 1
1956 3847 1
1964 2106 1
1975 2877 1
1975 3734 1
1975 4053 1
1988 1996 1
1988 2313 1
1988 2701 1
1988 3638 1
1988 3745 1
1988 3868 1
1988 4809 1
1995 2191 1
1995 2561 1
1995 2806 1
1995 3283 1
1995 3477 1
1995 3526 1
1995 3703 1
1995 4055 1
1995 4249 1
1995 4351 1
1995 4511 1
1995 4686 1
1995 5053 1
1996 2313 1
1996 2701 1
1996 3638 1
1996 3745 1
1996 3868 1
1996 4809 1
1996 4959 1
2004 3004 1
2010 3654 1
2036 3145 1
2036 3229 1
2036 3330 1
2036 3619 1
2036 3731 1
2036 4339 1
2036 4862 1
2036 5311 1
2037 2316 1
2037 2326 1
2037 2352 1
2037 2814 1
2037 3343 1
2037 3387 1
2037 3497 1
2037 3534 1
2037 3579 1
2037 3941 1
2037 3969 1
2037 4031 1
2037 4135 1
2037 4558 1
2037 4716 1
2037 4720 1
2037 4923 1
2037 4932 1
2037 5005 1
2037 5088 1
2040 4975 1
2040 5048 1
2040 5311 1
2050 2307 1
2050 2561 1
2050 2760 1
2050 2969 1
2050 3477 1
2050 3516 1
2050 3895 1
2050 4846 1
2065 2697 1
2065 4594 1
2065 4761 1
2066 2570 1
2066 2640 1
2066 4710 1
2070 4869 1
2070 4951 1
2070 5305 1
2076 2747 1
2076 4080 1
2076 4102 1
2076 4283 1
2077 2666 1
2096 2300 1
2096 3988 1
2098 2157 1
2098 2389 1
2098 3362 1
2098 5289 1
2104 2822 1
2106 2710 1
2106 4753 1
2109 2411 1
2109 2763 1
2109 3491 1
2109 3870 1
2109 4425 1
2109 5256 1
2111 2228 1
2111 2297 1
2111 2616 1
2111 2695 1
2111 3861 1
2111 3921 1
2111 4865 1
2116 3196 1
2118 2389 1
2118 2547 1
2118 2919 1
2124 2247 1
2124 2640 1
2124 4710 1
2124 4975 1
2124 5311 1
2125 2718 1
2125 2909 1
2125 2982 1
2125 3121 1
2125 3306 1
2125 3311 1
2125 3489 1
2125 3831 1
2125 4140 1
2125 4645 1
2125 4723 1
2130 2577 1
2130 2921 1
2130 4132 1
2130 4319 1
2130 4842 1
2134 4529 1
2144 2611 1
2157 2226 1
2157 2250 1
2157 3156 1
2157 3362 1
2157 3841 1
2157 4126 1
2157 4621 1
2157 4753 1
2157 5222 1
2157 5289 1
2168 2567 1
2168 3429 1
2168 4284 1
2168 5085 1
2179 2318 1
2189 2684 1
2189 4987 1
2191 2561 1
2191 3477 1
2191 4806 1
2191 4908 1
2191 5132 1
2216 2240 1
2216 3590 1
2216 4276 1
2216 4285 1
2216 4529 1
2216 4628 1
2221 5043 1
2224 2991 1
2226 2250 1
2226 2389 1
2226 2551 1
2226 3156 1
2226 3362 1
2226 3841 1
2226 4515 1
2226 4621 1
2226 4753 1
2226 4794 1
2226 5289 1
2228 2297 1
2228 2616 1
2228 2695 1
2228 3851 1
2228 3861 1
2228 3921 1
2228 4865 1
2231 2396 1
2231 4528 1
2231 4698 1
2239 3080 1
2239 4418 1
2240 4529 1
2242 3946 1
2242 4280 1
2242 4394 1
2242 4529 1
2247 5311 1
2249 2652 1
2249 3748 1
2249 5202 1
2250 2389 1
2250 2396 1
2250 3679 1
2250 4477 1
2250 4703 1
2250 5222 1
2250 5289 1
2253 3571 1
2253 4376 1
2253 5262 1
2269 5036 1
2279 3540 1
2279 3646 1
2279 4096 1
2279 4381 1
2279 4548 1
2279 4737 1
2283 2375 1
2283 5013 1
2284 2351 1
2284 3997 1
2284 4507 1
2284 5272 1
2284 5295 1
2297 2616 1
2297 2695 1
2297 3851 1
2297 3861 1
2297 3921 1
2297 4865 1
2300 3988 1
2304 3451 1
2307 5132 1
2310 4209 1
2310 4975 1
2313 2701 1
2313 3638 1
2313 3745 1
2313 3868 1
2313 4809 1
2313 4959 1
2316 2326 1
2316 2352 1
2316 2814 1
2316 2956 1
2316 3343 1
2316 3387 1
2316 3497 1
2316 3534 1
2316 3941 1
2316 3969 1
2316 4031 1
2316 4135 1
2316 4558 1
2316 4716 1
2316 4720 1
2316 4896 1
2316 4923 1
2316 4932 1
2316 5005 1
2316 5088 1
2318 2549 1
2319 2983 1
2326 2352 1
2326 2814 1
2326 2956 1
2326 3343 1
2326 3387 1
2326 3497 1
2326 3534 1
2326 3579 1
2326 3941 1
2326 3969 1
2326 4031 1
2326 4135 1
2326 4558 1
2326 4720 1
2326 4896 1
2326 4923 1
2326 4932 1
2326 5005 1
2326 5088 1
2327 3522 1
2352 2814 1
2352 2956 1
2352 3343 1
2352 3387 1
2352 3497 1
2352 3534 1
2352 3579 1
2352 3941 1
2352 3969 1
2352 4031 1
2352 4135 1
2352 4558 1
2352 4716 1
2352 4720 1
2352 4896 1
2352 4923 1
2352 4932 1
2352 5005 1
2352 5088 1
2370 4126 1
2375 5013 1
2389 2547 1
2389 2551 1
2389 2919 1
2389 3040 1
2389 3156 1
2389 3362 1
2389 3722 1
2389 3841 1
2389 4126 1
2389 4156 1
2389 4565 1
2389 4794 1
2389 4804 1
2389 5222 1
2389 5289 1
2396 3841 1
2404 2834 1
2404 3140 1
2411 2763 1
2411 2833 1
2411 3491 1
2411 3773 1
2411 3870 1
2411 5256 1
2420 3450 1
2420 5123 1
2435 2897 1
2435 3335 1
2441 3295 1
2441 4203 1
2447 4908 1
2455 3591 1
2457 2797 1
2457 3604 1
2462 4975 1
2462 5048 1
2462 5311 1
2472 4656 1
2482 3037 1
2482 4091 1
2482 5196 1
2483 3375 1
2483 4858 1
2493 3418 1
2493 3560 1
2505 2839 1
2516 2554 1
2547 4156 1
2551 2919 1
2551 4126 1
2551 5222 1
2554 2968 1
2561 2734 1
2561 2806 1
2561 2841 1
2561 2969 1
2561 3155 1
2561 3283 1
2561 3477 1
2561 3526 1
2561 3703 1
2561 3832 1
2561 3998 1
2561 4055 1
2561 4249 1
2561 4351 1
2561 4511 1
2561 4642 1
2561 4686 1
2561 4696 1
2561 4806 1
2561 4860 1
2561 5053 1
2561 5122 1
2561 5226 1
2563 3577 1
2563 5197 1
2567 3429 1
2567 4284 1
2567 5085 1
2570 3162 1
2577 4132 1
2577 4319 1
2577 4842 1
2592 3522 1
2601 2617 1
2601 4263 1
2616 2695 1
2616 3851 1
2616 3921 1
2616 4865 1
2640 3162 1
2640 4975 1
2646 2684 1
2646 4987 1
2652 3748 1
2652 5202 1
2656 3527 1
2656 5255 1
2664 3209 1
2664 4603 1
2668 3362 1
2684 4630 1
2684 4987 1
2695 3851 1
2695 3861 1
2695 3921 1
2695 4865 1
2697 4761 1
2698 2702 1
2698 2908 1
2701 3638 1
2701 3745 1
2701 3868 1
2701 4809 1
2701 4959 1
2702 2740 1
2702 2908 1
2702 2998 1
2710 4908 1
2718 2909 1
2718 2982 1
2718 3306 1
2718 3489 1
2718 3831 1
2718 3891 1
2718 4140 1
2718 4723 1
2732 3276 1
2734 3477 1
2735 3362 1
2735 3409 1
2735 3972 1
2740 2908 1
2740 2998 1
2747 4080 1
2747 4102 1
2747 4283 1
2759 3746 1
2760 2779 1
2760 3362 1
2760 3516 1
2760 3541 1
2760 3590 1
2760 3730 1
2760 3808 1
2760 3895 1
2760 4276 1
2760 4320 1
2760 5132 1
2760 5222 1
2760 5329 1
2763 2833 1
2763 3491 1
2763 3773 1
2763 3870 1
2763 4425 1
2763 5256 1
2770 5239 1
2771 4507 1
2771 4545 1
2774 4179 1
2779 2969 1
2779 4276 1
2779 4394 1
2779 4529 1
2779 4631 1
2779 4846 1
2779 5222 1
2788 3003 1
2795 2827 1
2795 3371 1
2795 3934 1
2795 4528 1
2795 4698 1
2797 3680 1
2806 3477 1
2806 4806 1
2806 4908 1
2806 5132 1
2813 3701 1
2813 4474 1
2814 2956 1
2814 3387 1
2814 3497 1
2814 3579 1
2814 3941 1
2814 3969 1
2814 4031 1
2814 4558 1
2814 4716 1
2814 4720 1
2814 4896 1
2814 4923 1
2814 4932 1
2814 5005 1
2818 3066 1
2827 3021 1
2827 3371 1
2827 3934 1
2827 4280 1
2827 4400 1
2827 4933 1
2827 5076 1
2827 5222 1
2833 3491 1
2833 3870 1
2833 4425 1
2833 5256 1
2839 3786 1
2839 4433 1
2839 4753 1
2839 5222 1
2841 2969 1
2841 3057 1
2841 3155 1
2841 4438 1
2841 4846 1
2841 5226 1
2853 3632 1
2860 3104 1
2860 4526 1
2860 5154 1
2861 4131 1
2872 3057 1
2872 3155 1
2872 4438 1
2872 4454 1
2872 4685 1
2872 4860 1
2877 3734 1
2877 4053 1
2881 3884 1
2881 5207 1
2882 4188 1
2891 4502 1
2897 3335 1
2904 3764 1
2908 2998 1
2909 2982 1
2909 3121 1
2909 3306 1
2909 3311 1
2909 3489 1
2909 3831 1
2909 3891 1
2909 4140 1
2909 4645 1
2909 4723 1
2909 5064 1
2914 3443 1
2919 4156 1
2919 4794 1
2921 4132 1
2921 4319 1
2921 4842 1
2925 3243 1
2925 3625 1
2925 4285 1
2925 4628 1
2939 3080 1
2939 4418 1
2956 3343 1
2956 3387 1
2956 3497 1
2956 3534 1
2956 3579 1
2956 3941 1
2956 3969 1
2956 4031 1
2956 4135 1
2956 4558 1
2956 4716 1
2956 4720 1
2956 4896 1
2956 4923 1
2956 4932 1
2956 5005 1
2956 5088 1
2968 3364 1
2968 3593 1
2969 3057 1
2969 3155 1
2969 3832 1
2969 4084 1
2969 4438 1
2969 4642 1
2969 4696 1
2972 3477 1
2982 3121 1
2982 3306 1
2982 3311 1
2982 3489 1
2982 3831 1
2982 3891 1
2982 4140 1
2982 4645 1
2982 4723 1
2982 5064 1
2983 4094 1
2992 3560 1
3001 3708 1
3001 4778 1
3004 4448 1
3021 4529 1
3033 3632 1
3035 3154 1
3035 4200 1
3035 4734 1
3035 4776 1
3036 4529 1
3037 4091 1
3037 5196 1
3057 4642 1
3057 4846 1
3067 3560 1
3067 3730 1
3067 3946 1
3067 4975 1
3078 4507 1
3078 4545 1
3080 3223 1
3080 4418 1
3104 4526 1
3104 5154 1
3105 4529 1
3114 4115 1
3114 5009 1
3121 3306 1
3121 3489 1
3121 3831 1
3121 3891 1
3121 4140 1
3121 4723 1
3154 3640 1
3154 4200 1
3155 3832 1
3155 4400 1
3155 4454 1
3155 4642 1
3155 4685 1
3155 4696 1
3155 4846 1
3155 4860 1
3155 5226 1
3156 5222 1
3162 3834 1
3162 4710 1
3196 3732 1
3196 4663 1
3196 5036 1
3203 4570 1
3210 3590 1
3210 4276 1
3223 4418 1
3243 3625 1
3243 4285 1
3243 4628 1
3282 3442 1
3282 3452 1
3282 3796 1
3282 4057 1
3282 4119 1
3283 3477 1
3283 4806 1
3283 4908 1
3283 5132 1
3306 3311 1
3306 3489 1
3306 3831 1
3306 3891 1
3306 4140 1
3306 4645 1
3306 4723 1
3306 5064 1
3311 3489 1
3311 3831 1
3311 3891 1
3311 4140 1
3311 4723 1
3343 3387 1
3343 3497 1
3343 3579 1
3343 3941 1
3343 3969 1
3343 4031 1
3343 4558 1
3343 4716 1
3343 4720 1
3343 4896 1
3343 4923 1
3343 4932 1
3343 5005 1
3362 4566 1
3362 4753 1
3362 5132 1
3362 5222 1
3362 5289 1
3371 3934 1
3371 4528 1
3371 4698 1
3371 4933 1
3375 4858 1
3387 3497 1
3387 3534 1
3387 3579 1
3387 3941 1
3387 3969 1
3387 4031 1
3387 4135 1
3387 4558 1
3387 4716 1
3387 4720 1
3387 4896 1
3387 4923 1
3387 4932 1
3387 5005 1
3387 5088 1
3388 4975 1
3418 3560 1
3418 3716 1
3429 4284 1
3429 5085 1
3442 3452 1
3442 3796 1
3442 4057 1
3442 4119 1
3452 4057 1
3452 4119 1
3463 3516 1
3463 3895 1
3463 4285 1
3463 4628 1
3463 5060 1
3467 3946 1
3477 3526 1
3477 3703 1
3477 4055 1
3477 4249 1
3477 4351 1
3477 4511 1
3477 4686 1
3477 4806 1
3477 4908 1
3477 5053 1
3477 5122 1
3477 5132 1
3486 4210 1
3486 4218 1
3487 3946 1
3489 3891 1
3489 4140 1
3489 4645 1
3489 4723 1
3489 5064 1
3491 3773 1
3491 3870 1
3491 4425 1
3491 5256 1
3497 3534 1
3497 3579 1
3497 3941 1
3497 3969 1
3497 4031 1
3497 4135 1
3497 4558 1
3497 4716 1
3497 4720 1
3497 4896 1
3497 4923 1
3497 4932 1
3497 5005 1
3497 5088 1
3500 3522 1
3516 4628 1
3516 4860 1
3516 5060 1
3516 5255 1
3521 3722 1
3522 3725 1
3526 4806 1
3526 4908 1
3526 5132 1
3534 3579 1
3534 3941 1
3534 3969 1
3534 4031 1
3534 4558 1
3534 4716 1
3534 4720 1
3534 4896 1
3534 4923 1
3534 4932 1
3534 5005 1
3540 3646 1
3540 4231 1
3540 4548 1
3540 4737 1
3543 5164 1
3560 3716 1
3560 4560 1
3560 4975 1
3560 5013 1
3571 4376 1
3571 5262 1
3579 3941 1
3579 3969 1
3579 4031 1
3579 4135 1
3579 4558 1
3579 4716 1
3579 4720 1
3579 4896 1
3579 4923 1
3579 4932 1
3579 5005 1
3579 5088 1
3590 4276 1
3604 3680 1
3619 3731 1
3619 4857 1
3621 4232 1
3621 4383 1
3621 4691 1
3622 4113 1
3622 4197 1
3625 4285 1
3625 4628 1
3632 4110 1
3632 4394 1
3633 4491 1
3638 3745 1
3638 3868 1
3638 4809 1
3638 4959 1
3640 4200 1
3640 4734 1
3640 4776 1
3646 4096 1
3646 4231 1
3646 4381 1
3646 4548 1
3646 4737 1
3679 3841 1
3679 4703 1
3701 4474 1
3703 4806 1
3703 4908 1
3703 5132 1
3709 4560 1
3709 4744 1
3722 4353 1
3730 4046 1
3730 4320 1
3731 4339 1
3734 4053 1
3743 5066 1
3745 3868 1
3745 4809 1
3745 4959 1
3748 5202 1
3773 3870 1
3773 4425 1
3773 5256 1
3783 3785 1
3796 4057 1
3796 4119 1
3829 4656 1
3831 3891 1
3831 4140 1
3831 4645 1
3831 4723 1
3831 5064 1
3832 4846 1
3832 5226 1
3841 4477 1
3841 4703 1
3841 5222 1
3841 5289 1
3849 4881 1
3851 3861 1
3851 3921 1
3851 4865 1
3861 3921 1
3861 4865 1
3868 4809 1
3868 4959 1
3870 4425 1
3874 4582 1
3885 4013 1
3891 4140 1
3891 4645 1
3891 4723 1
3895 4628 1
3895 4860 1
3895 5060 1
3895 5255 1
3934 4280 1
3934 4528 1
3934 4698 1
3941 3969 1
3941 4031 1
3941 4135 1
3941 4558 1
3941 4716 1
3941 4720 1
3941 4896 1
3941 4923 1
3941 4932 1
3941 5005 1
3941 5088 1
3946 4394 1
3946 4975 1
3965 4616 1
3965 4931 1
3969 4031 1
3969 4135 1
3969 4558 1
3969 4716 1
3969 4720 1
3969 4896 1
3969 4923 1
3969 5005 1
3969 5088 1
4031 4135 1
4031 4558 1
4031 4716 1
4031 4720 1
4031 4896 1
4031 4923 1
4031 4932 1
4031 5005 1
4031 5088 1
4055 4806 1
4055 4908 1
4055 5132 1
4057 4119 1
4064 4426 1
4080 4102 1
4080 4283 1
4084 4846 1
4096 4231 1
4096 4548 1
4096 4737 1
4113 4197 1
4115 5009 1
4126 4794 1
4132 4319 1
4132 4842 1
4135 4558 1
4135 4716 1
4135 4720 1
4135 4896 1
4135 4923 1
4135 4932 1
4135 5005 1
4140 4645 1
4140 4723 1
4140 5064 1
4158 4482 1
4200 4734 1
4200 4776 1
4209 4975 1
4210 4218 1
4231 4381 1
4231 4548 1
4231 4737 1
4232 4383 1
4232 4691 1
4249 4806 1
4249 4908 1
4249 5132 1
4276 4315 1
4276 5281 1
4280 4285 1
4280 4394 1
4280 4529 1
4280 5222 1
4284 5085 1
4285 4545 1
4285 4628 1
4285 5060 1
4285 5272 1
4315 5281 1
4319 4842 1
4339 4857 1
4351 4806 1
4351 4908 1
4351 5132 1
4353 4623 1
4381 4548 1
4381 4737 1
4394 4529 1
4394 4631 1
4425 5256 1
4438 4642 1
4438 4846 1
4450 4648 1
4453 4482 1
4454 4685 1
4454 4860 1
4482 4954 1
4487 4870 1
4503 5013 1
4503 5035 1
4507 4992 1
4511 4806 1
4511 4908 1
4511 5132 1
4515 5222 1
4521 4839 1
4526 5154 1
4527 4972 1
4529 5222 1
4545 4628 1
4545 5272 1
4548 4737 1
4558 4716 1
4558 4720 1
4558 4896 1
4558 4923 1
4558 4932 1
4558 5005 1
4558 5088 1
4560 5013 1
4566 5222 1
4594 4761 1
4616 4931 1
4621 5222 1
4628 5060 1
4628 5272 1
4630 4987 1
4642 4846 1
4642 5226 1
4645 4723 1
4685 4860 1
4686 4806 1
4686 4908 1
4686 5132 1
4696 4846 1
4696 5226 1
4710 4975 1
4716 4720 1
4716 4896 1
4716 4923 1
4716 4932 1
4716 5005 1
4716 5088 1
4720 4896 1
4720 4923 1
4720 4932 1
4720 5005 1
4720 5088 1
4723 5064 1
4736 4870 1
4753 5132 1
4753 5222 1
4753 5289 1
4783 5103 1
4794 5222 1
4806 4908 1
4806 5053 1
4809 4959 1
4829 4986 1
4857 4975 1
4857 5035 1
4862 5311 1
4869 5305 1
4896 4923 1
4896 4932 1
4896 5005 1
4896 5088 1
4908 5053 1
4908 5076 1
4908 5132 1
4923 4932 1
4923 5005 1
4923 5088 1
4932 5005 1
4932 5088 1
4975 5311 1
4992 5125 1
4992 5222 1
5005 5088 1
5013 5035 1
5013 5073 1
5037 5301 1
5053 5132 1
5222 5289 1
