0 3057 1
0 4438 1
10 5057 1
15 349 1
15 2301 1
17 23 1
17 177 1
17 411 1
17 993 1
17 1708 1
17 2249 1
17 2656 1
17 3495 1
17 3746 1
17 4676 1
17 4696 1
17 4822 1
17 5305 1
18 164 1
18 175 1
18 230 1
18 448 1
18 800 1
18 943 1
18 997 1
18 1167 1
18 1326 1
18 1357 1
18 1424 1
18 1621 1
18 1658 1
18 1877 1
18 2016 1
18 2128 1
18 2299 1
18 2698 1
18 2775 1
18 2811 1
18 2821 1
18 2881 1
18 2983 1
18 2998 1
18 3001 1
18 3005 1
18 3189 1
18 3547 1
18 3574 1
18 3719 1
18 3741 1
18 3803 1
18 3839 1
18 3858 1
18 3892 1
18 3909 1
18 3927 1
18 3951 1
18 4018 1
18 4054 1
18 4165 1
18 4555 1
18 4693 1
18 4757 1
18 4761 1
18 4809 1
18 4852 1
18 4872 1
18 4970 1
18 5150 1
18 5173 1
18 5234 1
19 1306 1
19 3249 1
19 4310 1
22 1996 1
22 3377 1
23 205 1
23 411 1
23 451 1
23 631 1
23 858 1
23 1099 1
23 1455 1
23 1575 1
23 1708 1
23 1858 1
23 2134 1
23 2299 1
23 2318 1
23 2675 1
23 3036 1
23 3407 1
23 3701 1
23 3827 1
23 3963 1
23 4032 1
23 4074 1
23 4133 1
23 4169 1
23 4696 1
23 4869 1
23 5218 1
24 751 1
24 2652 1
24 4015 1
25 2572 1
25 4207 1
26 3803 1
26 5302 1
33 412 1
33 3653 1
33 4306 1
37 2572 1
39 177 1
39 810 1
39 950 1
39 968 1
39 1099 1
39 1641 1
39 1734 1
39 2944 1
39 3032 1
39 3815 1
39 3832 1
39 4032 1
39 4696 1
50 2572 1
52 2744 1
53 57 1
56 1386 1
57 450 1
57 781 1
57 1423 1
57 2329 1
57 4887 1
58 1903 1
58 3447 1
63 688 1
68 2652 1
69 239 1
69 435 1
69 498 1
69 1343 1
69 1679 1
69 1766 1
69 1880 1
69 2096 1
69 2276 1
69 2918 1
69 2940 1
69 2974 1
69 3125 1
69 3225 1
69 3452 1
69 3556 1
69 3638 1
69 4029 1
69 4204 1
69 4596 1
69 4867 1
70 3553 1
72 287 1
72 373 1
72 1564 1
72 1611 1
72 2809 1
72 2982 1
72 3848 1
72 4056 1
72 4688 1
77 2150 1
78 1635 1
78 3556 1
78 4872 1
83 1306 1
83 3249 1
83 4310 1
90 467 1
90 1536 1
90 1591 1
90 1790 1
90 2792 1
90 2888 1
90 3178 1
90 3971 1
90 4342 1
90 4345 1
90 4671 1
90 4752 1
90 4796 1
97 164 1
97 175 1
97 800 1
97 943 1
97 997 1
97 1326 1
97 1357 1
97 1424 1
97 1621 1
97 1658 1
97 1877 1
97 2016 1
97 2299 1
97 2698 1
97 2821 1
97 2998 1
97 3001 1
97 3005 1
97 3485 1
97 3574 1
97 3741 1
97 3803 1
97 3839 1
97 3858 1
97 3892 1
97 3909 1
97 3927 1
97 4018 1
97 4054 1
97 4165 1
97 4271 1
97 4555 1
97 4693 1
97 4761 1
97 4809 1
97 4872 1
97 4970 1
97 5150 1
97 5173 1
97 5234 1
98 177 1
98 179 1
98 664 1
98 810 1
98 968 1
98 1641 1
98 1734 1
98 2265 1
98 2315 1
98 2944 1
98 3021 1
98 3032 1
98 3224 1
98 3350 1
98 3517 1
98 3815 1
98 3832 1
98 3873 1
98 4696 1
98 5112 1
98 5135 1
102 416 1
104 1351 1
104 1769 1
104 1946 1
104 2763 1
104 3542 1
104 4487 1
104 4736 1
113 2005 1
113 4363 1
116 293 1
116 1819 1
116 1848 1
116 3165 1
116 3301 1
120 3191 1
122 4279 1
123 1476 1
132 298 1
132 339 1
132 441 1
132 534 1
132 1075 1
132 1078 1
132 1268 1
132 1427 1
132 1463 1
132 1552 1
132 1582 1
132 1745 1
132 1764 1
132 1797 1
132 1899 1
132 1941 1
132 1962 1
132 1979 1
132 2029 1
132 2238 1
132 2467 1
132 2524 1
132 2529 1
132 2766 1
132 2837 1
132 2857 1
132 2906 1
132 3138 1
132 3208 1
132 3341 1
132 3548 1
132 3565 1
132 3726 1
132 4184 1
132 4257 1
132 4292 1
132 4329 1
132 4459 1
132 4537 1
132 4903 1
132 4914 1
132 4941 1
133 1078 1
134 467 1
134 1015 1
134 1536 1
134 1591 1
134 1790 1
134 1894 1
134 2463 1
134 2539 1
134 2792 1
134 2888 1
134 3178 1
134 3695 1
134 3971 1
134 4671 1
143 1476 1
143 3992 1
144 2015 1
144 3578 1
146 2572 1
154 359 1
155 308 1
155 884 1
155 1985 1
155 2254 1
156 1210 1
156 1251 1
156 1662 1
156 1771 1
156 2215 1
156 2958 1
156 2980 1
156 2995 1
156 3244 1
156 3268 1
156 3299 1
156 3307 1
156 4522 1
164 285 1
164 348 1
164 383 1
164 412 1
164 448 1
164 824 1
164 1573 1
164 1683 1
164 2120 1
164 2563 1
164 2774 1
164 3189 1
164 3524 1
164 3653 1
164 3691 1
164 3760 1
164 3793 1
164 3894 1
164 3983 1
164 4077 1
164 4306 1
164 4488 1
164 4658 1
164 5191 1
164 5200 1
171 412 1
171 1930 1
171 2382 1
171 2930 1
171 3306 1
171 3653 1
171 4306 1
171 4656 1
175 285 1
175 348 1
175 824 1
175 1573 1
175 1683 1
175 2091 1
175 2120 1
175 2541 1
175 2774 1
175 3524 1
175 3691 1
175 3760 1
175 3793 1
175 3894 1
175 3983 1
175 4077 1
175 4488 1
175 5191 1
175 5200 1
177 214 1
177 401 1
177 451 1
177 584 1
177 719 1
177 858 1
177 898 1
177 925 1
177 964 1
177 1016 1
177 1035 1
177 1099 1
177 1244 1
177 1302 1
177 1455 1
177 1534 1
177 1546 1
177 1557 1
177 1575 1
177 1674 1
177 1841 1
177 1858 1
177 1870 1
177 1932 1
177 2039 1
177 2265 1
177 2299 1
177 2318 1
177 2352 1
177 2549 1
177 2587 1
177 2597 1
177 2675 1
177 2986 1
177 3120 1
177 3155 1
177 3369 1
177 3407 1
177 3460 1
177 3477 1
177 3525 1
177 3638 1
177 3701 1
177 3734 1
177 3827 1
177 3898 1
177 3963 1
177 4015 1
177 4032 1
177 4040 1
177 4074 1
177 4113 1
177 4133 1
177 4325 1
177 4644 1
177 4798 1
177 4805 1
177 4869 1
177 4924 1
177 4943 1
177 5089 1
177 5161 1
177 5218 1
179 925 1
179 1035 1
179 2265 1
179 2587 1
179 3525 1
179 4040 1
179 4924 1
183 4152 1
191 1925 1
191 3159 1
191 4801 1
194 3277 1
197 2053 1
197 2316 1
197 2813 1
197 3579 1
197 5251 1
200 1385 1
200 2600 1
200 4298 1
200 5074 1
202 2792 1
202 4622 1
203 410 1
203 575 1
203 588 1
203 979 1
203 1094 1
203 1456 1
203 1637 1
203 1655 1
203 1943 1
203 2028 1
203 2222 1
203 2294 1
203 2350 1
203 2710 1
203 3218 1
203 3786 1
203 4300 1
203 4318 1
203 4352 1
203 4653 1
203 4664 1
203 5148 1
203 5149 1
203 5279 1
205 2315 1
205 3224 1
205 3873 1
214 267 1
214 287 1
214 373 1
214 1383 1
214 1564 1
214 1611 1
214 2067 1
214 2068 1
214 2263 1
214 2275 1
214 2318 1
214 2337 1
214 2473 1
214 2571 1
214 2807 1
214 2809 1
214 2982 1
214 3224 1
214 3391 1
214 3848 1
214 4056 1
214 4315 1
214 4688 1
214 4706 1
214 5270 1
214 5290 1
217 634 1
217 1116 1
217 1800 1
217 1930 1
217 2230 1
217 2382 1
217 2550 1
217 2930 1
217 3306 1
217 3356 1
217 3385 1
217 4656 1
217 5009 1
224 418 1
224 476 1
224 485 1
224 1765 1
224 1792 1
224 2911 1
224 4158 1
224 4218 1
224 4453 1
224 4503 1
224 5095 1
224 5272 1
224 5295 1
230 285 1
230 383 1
230 448 1
230 943 1
230 997 1
230 1167 1
230 1326 1
230 1357 1
230 1658 1
230 1683 1
230 2016 1
230 2120 1
230 2299 1
230 2563 1
230 2774 1
230 2998 1
230 3005 1
230 3189 1
230 3524 1
230 3574 1
230 3691 1
230 3839 1
230 3892 1
230 3894 1
230 3909 1
230 4018 1
230 4077 1
230 4140 1
230 4165 1
230 4488 1
230 4555 1
230 4658 1
230 4693 1
230 4809 1
230 4970 1
230 5150 1
230 5234 1
234 631 1
239 1679 1
239 1766 1
239 1880 1
239 2096 1
239 2276 1
239 2918 1
239 3125 1
239 3556 1
239 3638 1
239 4204 1
239 4596 1
239 4867 1
240 549 1
240 1740 1
240 2929 1
240 5172 1
245 4935 1
247 548 1
247 3425 1
252 1177 1
267 401 1
267 451 1
267 584 1
267 719 1
267 1016 1
267 1302 1
267 1383 1
267 1455 1
267 1534 1
267 1539 1
267 1546 1
267 1557 1
267 1674 1
267 1858 1
267 1942 1
267 2039 1
267 2067 1
267 2295 1
267 2549 1
267 2571 1
267 2597 1
267 2675 1
267 2986 1
267 3120 1
267 3407 1
267 3460 1
267 3638 1
267 3701 1
267 3734 1
267 3963 1
267 4015 1
267 4074 1
267 4127 1
267 4779 1
267 4943 1
267 5161 1
270 1996 1
270 3377 1
275 547 1
275 1058 1
275 1828 1
275 2177 1
275 2297 1
275 2379 1
275 3884 1
275 4230 1
275 4519 1
285 448 1
285 759 1
285 800 1
285 943 1
285 997 1
285 1167 1
285 1326 1
285 1357 1
285 1424 1
285 1621 1
285 1658 1
285 1877 1
285 2016 1
285 2128 1
285 2299 1
285 2698 1
285 2775 1
285 2811 1
285 2821 1
285 2881 1
285 2887 1
285 2983 1
285 2998 1
285 3001 1
285 3005 1
285 3189 1
285 3547 1
285 3574 1
285 3719 1
285 3741 1
285 3803 1
285 3839 1
285 3858 1
285 3892 1
285 3909 1
285 3927 1
285 3951 1
285 4018 1
285 4054 1
285 4165 1
285 4555 1
285 4693 1
285 4757 1
285 4761 1
285 4809 1
285 4852 1
285 4872 1
285 4970 1
285 5150 1
285 5173 1
285 5234 1
287 289 1
287 372 1
287 788 1
287 2908 1
287 3329 1
287 3823 1
289 373 1
289 1564 1
289 1611 1
289 2809 1
289 2982 1
289 3589 1
289 3848 1
289 4056 1
289 4688 1
293 2759 1
293 3781 1
298 1745 1
298 1804 1
308 1985 1
308 2004 1
308 4448 1
311 2879 1
311 3937 1
311 4984 1
311 5271 1
316 3741 1
317 525 1
317 1416 1
317 4119 1
318 1386 1
320 2360 1
326 968 1
326 1641 1
326 2491 1
326 2505 1
326 4433 1
326 4999 1
332 3394 1
332 4093 1
339 1745 1
339 1804 1
345 798 1
345 4802 1
348 800 1
348 943 1
348 997 1
348 1326 1
348 1357 1
348 1424 1
348 1621 1
348 1658 1
348 1877 1
348 2016 1
348 2299 1
348 2698 1
348 2821 1
348 2998 1
348 3001 1
348 3005 1
348 3574 1
348 3741 1
348 3803 1
348 3839 1
348 3892 1
348 3909 1
348 3927 1
348 4018 1
348 4054 1
348 4165 1
348 4555 1
348 4693 1
348 4761 1
348 4809 1
348 4872 1
348 4881 1
348 4970 1
348 5150 1
348 5173 1
348 5234 1
349 1865 1
349 2940 1
349 4113 1
350 2572 1
353 1326 1
353 2170 1
353 4809 1
358 1386 1
359 1409 1
359 1663 1
359 1802 1
359 2472 1
359 2754 1
359 3045 1
359 3285 1
359 3429 1
359 3522 1
359 3847 1
359 4198 1
359 4930 1
361 2091 1
361 2541 1
361 2774 1
364 376 1
364 931 1
364 3057 1
364 3541 1
364 3558 1
364 4438 1
367 1324 1
367 1942 1
367 2295 1
367 2301 1
367 3184 1
367 3407 1
367 3790 1
367 4074 1
367 4127 1
372 373 1
372 1564 1
372 1611 1
372 2809 1
372 2982 1
372 3589 1
372 3848 1
372 4056 1
372 4688 1
373 788 1
373 2908 1
373 3329 1
373 3823 1
376 3368 1
376 3406 1
378 1798 1
378 4240 1
378 4304 1
383 448 1
383 1167 1
383 1424 1
383 2128 1
383 2775 1
383 2811 1
383 2821 1
383 2881 1
383 2983 1
383 3189 1
383 3547 1
383 3719 1
383 3858 1
383 3951 1
383 4757 1
383 4852 1
389 2572 1
393 1033 1
399 1805 1
401 2067 1
401 2068 1
401 2263 1
401 2275 1
401 2318 1
401 2337 1
401 2473 1
401 2807 1
401 3224 1
401 3391 1
401 4315 1
401 4706 1
401 5270 1
401 5290 1
402 2572 1
404 4148 1
406 572 1
406 1574 1
406 3408 1
406 5294 1
408 1436 1
410 492 1
410 737 1
410 1360 1
410 1690 1
410 2913 1
410 2951 1
410 4028 1
410 4143 1
410 4401 1
410 4446 1
410 4977 1
411 451 1
411 858 1
411 964 1
411 1455 1
411 1575 1
411 1841 1
411 1858 1
411 2067 1
411 2299 1
411 2318 1
411 2352 1
411 2675 1
411 3407 1
411 3701 1
411 3827 1
411 3898 1
411 3963 1
411 4074 1
411 4133 1
411 4696 1
411 4798 1
411 4855 1
411 4869 1
411 4951 1
411 5218 1
412 800 1
412 943 1
412 1058 1
412 1337 1
412 1424 1
412 2035 1
412 2159 1
412 2797 1
412 3028 1
412 3760 1
412 3858 1
412 3884 1
412 3983 1
412 4018 1
412 4286 1
412 4907 1
412 5207 1
412 5316 1
414 2859 1
418 833 1
418 1203 1
418 1731 1
418 2610 1
418 3425 1
420 2763 1
420 3542 1
422 875 1
422 885 1
422 2572 1
422 3083 1
429 2572 1
435 1025 1
435 1343 1
435 1766 1
435 1880 1
435 2096 1
435 3125 1
435 3556 1
440 1843 1
440 1866 1
440 1896 1
440 2732 1
440 2877 1
440 3154 1
440 3335 1
440 4734 1
440 4776 1
440 4913 1
441 1745 1
441 1804 1
446 1891 1
448 967 1
448 997 1
448 1167 1
448 1326 1
448 1424 1
448 1447 1
448 1658 1
448 1683 1
448 1890 1
448 2044 1
448 2120 1
448 2128 1
448 2563 1
448 2647 1
448 2775 1
448 2811 1
448 2821 1
448 2881 1
448 2927 1
448 2983 1
448 2998 1
448 3005 1
448 3164 1
448 3547 1
448 3691 1
448 3719 1
448 3839 1
448 3858 1
448 3909 1
448 3951 1
448 4077 1
448 4165 1
448 4488 1
448 4562 1
448 4693 1
448 4757 1
448 4852 1
448 4861 1
448 4970 1
448 5150 1
451 964 1
451 1708 1
451 1841 1
451 2275 1
451 2318 1
451 2337 1
451 2352 1
451 2473 1
451 2656 1
451 2675 1
451 2807 1
451 3391 1
451 3746 1
451 3898 1
451 4676 1
451 4706 1
451 4798 1
451 4822 1
451 4854 1
451 5290 1
451 5305 1
452 490 1
452 1088 1
452 2300 1
452 2441 1
452 4189 1
452 4228 1
452 4576 1
454 2572 1
455 833 1
455 1731 1
455 2610 1
455 5337 1
467 928 1
467 1015 1
467 1232 1
467 2109 1
467 2347 1
467 2453 1
467 3762 1
467 3773 1
467 3885 1
467 4176 1
467 4456 1
467 4622 1
467 4752 1
467 4796 1
476 1203 1
479 833 1
479 5337 1
480 1586 1
480 1965 1
480 2253 1
480 3977 1
480 4304 1
480 4415 1
480 4848 1
485 1203 1
490 1357 1
490 2223 1
490 2590 1
490 2796 1
490 3394 1
490 3889 1
492 575 1
492 588 1
492 979 1
492 1094 1
492 1456 1
492 1637 1
492 1655 1
492 1943 1
492 2028 1
492 2222 1
492 2350 1
492 2710 1
492 3218 1
492 3786 1
492 4318 1
492 4352 1
492 4653 1
492 4664 1
492 5148 1
492 5149 1
492 5279 1
498 1766 1
498 1880 1
498 2096 1
498 3125 1
498 3556 1
498 4596 1
522 2312 1
524 2572 1
525 2666 1
525 4057 1
528 4115 1
530 2572 1
534 1745 1
534 1804 1
535 759 1
535 4303 1
536 3212 1
544 4392 1
547 754 1
547 3542 1
549 920 1
550 751 1
550 2652 1
550 4015 1
552 1869 1
552 4548 1
562 2572 1
571 1304 1
571 1385 1
571 1948 1
571 2837 1
571 4160 1
571 4590 1
571 4749 1
572 1325 1
572 2446 1
572 2651 1
572 3061 1
572 3408 1
572 4873 1
572 5294 1
575 737 1
575 1360 1
575 1690 1
575 2913 1
575 2951 1
575 4028 1
575 4143 1
575 4401 1
575 4446 1
575 4977 1
578 982 1
584 1383 1
584 2067 1
584 2068 1
584 2263 1
584 2275 1
584 2318 1
584 2337 1
584 2473 1
584 2571 1
584 2807 1
584 3224 1
584 3391 1
584 4315 1
584 4706 1
584 5270 1
584 5290 1
588 737 1
588 1360 1
588 1690 1
588 2913 1
588 2951 1
588 4028 1
588 4143 1
588 4401 1
588 4446 1
588 4977 1
591 1251 1
591 3244 1
593 2143 1
596 5302 1
597 819 1
597 2916 1
597 3856 1
600 1386 1
603 2909 1
608 867 1
608 3518 1
608 4871 1
615 2572 1
615 4207 1
618 1386 1
619 2751 1
619 3267 1
619 3306 1
624 2632 1
626 1385 1
626 1843 1
626 1866 1
626 1896 1
626 2600 1
626 2732 1
626 2877 1
626 3154 1
626 3335 1
626 4734 1
626 4776 1
626 4913 1
628 3224 1
631 637 1
631 1841 1
631 2352 1
631 3495 1
631 3898 1
631 4854 1
634 1084 1
634 1116 1
634 1210 1
634 1249 1
634 1513 1
634 1845 1
634 1930 1
634 2130 1
634 2230 1
634 2881 1
634 3306 1
634 3356 1
634 3568 1
634 4261 1
634 4656 1
634 4887 1
634 5328 1
644 4650 1
653 5009 1
654 2765 1
663 1242 1
663 2644 1
663 3288 1
663 3474 1
663 3558 1
666 1078 1
674 833 1
674 1531 1
674 5337 1
679 2765 1
688 1436 1
688 1716 1
688 4096 1
688 4927 1
690 1242 1
690 2644 1
690 3288 1
690 3474 1
690 3558 1
705 2859 1
711 2150 1
719 2067 1
719 2068 1
719 2263 1
719 2275 1
719 2318 1
719 2337 1
719 2473 1
719 2807 1
719 3224 1
719 3391 1
719 4315 1
719 4706 1
719 5270 1
719 5290 1
725 3979 1
734 1386 1
737 979 1
737 1094 1
737 1456 1
737 1637 1
737 1655 1
737 1943 1
737 2028 1
737 2222 1
737 2294 1
737 2350 1
737 2710 1
737 3218 1
737 3786 1
737 4300 1
737 4318 1
737 4352 1
737 4653 1
737 4664 1
737 5148 1
737 5149 1
737 5279 1
745 1430 1
748 2067 1
748 4951 1
751 3035 1
751 3490 1
751 3640 1
751 3861 1
751 4402 1
753 1308 1
753 3019 1
753 3676 1
754 815 1
754 972 1
754 1546 1
754 1660 1
754 1674 1
754 2476 1
754 3542 1
754 3719 1
754 4383 1
754 4691 1
754 4745 1
754 4907 1
759 1452 1
759 2887 1
759 4303 1
777 810 1
777 3815 1
777 4951 1
777 5208 1
781 3429 1
781 3847 1
788 1564 1
788 1611 1
788 2809 1
788 2982 1
788 3848 1
788 4056 1
788 4688 1
792 3633 1
798 2166 1
798 2789 1
798 2797 1
798 2810 1
800 824 1
800 1573 1
800 1681 1
800 1683 1
800 2120 1
800 2582 1
800 2774 1
800 3524 1
800 3691 1
800 3760 1
800 3793 1
800 3894 1
800 3983 1
800 4077 1
800 4488 1
800 4658 1
800 5191 1
800 5200 1
808 1617 1
808 1718 1
810 898 1
810 968 1
810 1244 1
810 1430 1
810 1932 1
810 2265 1
810 2311 1
810 2587 1
810 2601 1
810 2841 1
810 3155 1
810 3433 1
810 3832 1
810 4325 1
810 4494 1
810 4558 1
810 4642 1
810 4805 1
810 4999 1
810 5089 1
810 5212 1
810 5281 1
810 5329 1
811 2969 1
811 3057 1
811 4438 1
812 2572 1
815 1160 1
815 3542 1
819 969 1
819 1834 1
819 2425 1
819 2817 1
819 2916 1
819 3097 1
819 4072 1
819 4206 1
819 4641 1
819 4825 1
819 5320 1
823 2832 1
823 3846 1
823 3941 1
824 943 1
824 997 1
824 1326 1
824 1357 1
824 1424 1
824 1621 1
824 1658 1
824 1877 1
824 2016 1
824 2299 1
824 2698 1
824 2821 1
824 2998 1
824 3001 1
824 3005 1
824 3574 1
824 3741 1
824 3803 1
824 3839 1
824 3892 1
824 3909 1
824 3927 1
824 4018 1
824 4054 1
824 4165 1
824 4555 1
824 4693 1
824 4761 1
824 4809 1
824 4872 1
824 4881 1
824 4970 1
824 5150 1
824 5173 1
824 5234 1
827 1305 1
827 4876 1
831 1242 1
831 2644 1
831 3288 1
831 3474 1
831 3558 1
833 1151 1
833 1765 1
833 2213 1
833 2390 1
833 2572 1
833 2770 1
833 2911 1
833 3112 1
833 4062 1
833 4158 1
833 4218 1
833 4453 1
833 4503 1
833 4954 1
833 5095 1
839 4288 1
841 3822 1
843 1704 1
856 2740 1
856 3186 1
856 3412 1
856 4197 1
856 4473 1
856 4638 1
858 964 1
858 993 1
858 1708 1
858 1841 1
858 2318 1
858 2352 1
858 2656 1
858 2675 1
858 2816 1
858 3746 1
858 3898 1
858 4676 1
858 4798 1
858 4822 1
858 4854 1
858 5305 1
867 4552 1
867 5274 1
875 5315 1
876 2572 1
882 2156 1
882 4570 1
884 1985 1
885 5315 1
887 1476 1
887 3288 1
893 1846 1
893 5276 1
894 3349 1
896 2572 1
898 950 1
898 968 1
898 1099 1
898 1641 1
898 1734 1
898 2944 1
898 3032 1
898 3815 1
898 3832 1
898 4032 1
898 4696 1
916 1386 1
916 2776 1
916 3541 1
920 2929 1
920 5318 1
925 2944 1
925 3032 1
925 3350 1
925 4696 1
925 5135 1
928 1536 1
928 1591 1
928 1790 1
928 2888 1
928 3178 1
928 3971 1
928 4342 1
928 4345 1
928 4671 1
928 4752 1
928 4796 1
931 3368 1
931 3406 1
938 2816 1
943 1424 1
943 1573 1
943 1683 1
943 1930 1
943 2120 1
943 2128 1
943 2382 1
943 2774 1
943 2775 1
943 2811 1
943 2881 1
943 2930 1
943 2983 1
943 3306 1
943 3524 1
943 3547 1
943 3653 1
943 3691 1
943 3719 1
943 3760 1
943 3793 1
943 3858 1
943 3894 1
943 3951 1
943 3983 1
943 4077 1
943 4306 1
943 4488 1
943 4656 1
943 4757 1
943 4852 1
943 5191 1
943 5200 1
950 2050 1
950 2734 1
950 5122 1
956 1386 1
964 1455 1
964 1575 1
964 1708 1
964 1841 1
964 1858 1
964 2249 1
964 2299 1
964 2318 1
964 2352 1
964 2656 1
964 2675 1
964 3407 1
964 3701 1
964 3746 1
964 3827 1
964 3898 1
964 3963 1
964 4074 1
964 4133 1
964 4315 1
964 4676 1
964 4822 1
964 4854 1
964 4869 1
964 5218 1
964 5305 1
967 3164 1
967 3189 1
967 4562 1
968 1035 1
968 1093 1
968 1244 1
968 1294 1
968 1870 1
968 1879 1
968 1932 1
968 2050 1
968 2265 1
968 2311 1
968 2505 1
968 2734 1
968 3155 1
968 3369 1
968 3390 1
968 3815 1
968 3899 1
968 4040 1
968 4325 1
968 4358 1
968 4433 1
968 4494 1
968 4558 1
968 4687 1
968 4805 1
968 4999 1
968 5089 1
968 5329 1
969 2916 1
969 3856 1
972 1160 1
972 3542 1
979 1360 1
979 1690 1
979 2913 1
979 2951 1
979 3975 1
979 4028 1
979 4143 1
979 4401 1
979 4446 1
979 4977 1
982 2135 1
982 2695 1
993 2675 1
993 2816 1
993 5218 1
997 1167 1
997 1424 1
997 1573 1
997 1683 1
997 2120 1
997 2128 1
997 2774 1
997 2775 1
997 2811 1
997 2881 1
997 2983 1
997 3189 1
997 3524 1
997 3547 1
997 3691 1
997 3719 1
997 3760 1
997 3793 1
997 3858 1
997 3894 1
997 3951 1
997 3983 1
997 4077 1
997 4488 1
997 4757 1
997 4852 1
997 5191 1
997 5200 1
1015 1491 1
1015 1536 1
1015 1591 1
1015 1790 1
1015 2453 1
1015 2888 1
1015 3178 1
1015 3762 1
1015 3971 1
1015 4342 1
1015 4345 1
1015 4671 1
1015 4994 1
1016 1383 1
1016 2067 1
1016 2068 1
1016 2263 1
1016 2275 1
1016 2318 1
1016 2337 1
1016 2473 1
1016 2571 1
1016 2675 1
1016 2807 1
1016 3224 1
1016 3391 1
1016 4315 1
1016 4706 1
1016 5270 1
1016 5290 1
1019 1242 1
1019 2644 1
1019 3288 1
1019 3474 1
1019 3558 1
1022 2091 1
1022 2541 1
1035 1641 1
1035 1734 1
1035 3832 1
1035 4696 1
1035 5135 1
1042 3245 1
1045 1385 1
1045 1843 1
1045 1866 1
1045 1896 1
1045 2600 1
1045 2732 1
1045 2877 1
1045 3154 1
1045 3335 1
1045 4734 1
1045 4776 1
1045 4913 1
1046 1635 1
1046 3556 1
1051 2572 1
1054 1078 1
1054 2010 1
1054 4774 1
1058 1520 1
1058 1828 1
1058 2177 1
1058 2297 1
1058 3648 1
1058 3653 1
1058 4188 1
1058 4230 1
1058 4306 1
1058 4519 1
1058 5249 1
1070 1805 1
1074 2493 1
1074 3716 1
1075 1745 1
1075 1804 1
1077 2581 1
1077 3598 1
1078 1745 1
1078 1760 1
1078 1804 1
1078 1939 1
1078 2110 1
1078 2506 1
1078 2899 1
1078 2935 1
1078 3501 1
1078 3933 1
1078 5335 1
1084 1116 1
1084 1800 1
1084 1930 1
1084 2230 1
1084 2382 1
1084 2550 1
1084 2930 1
1084 3306 1
1084 3356 1
1084 3385 1
1084 4656 1
1084 5009 1
1088 1357 1
1088 2223 1
1088 2590 1
1088 2796 1
1088 3394 1
1088 3889 1
1088 4013 1
1093 1641 1
1093 2491 1
1094 1360 1
1094 1690 1
1094 2913 1
1094 2951 1
1094 3975 1
1094 4028 1
1094 4143 1
1094 4401 1
1094 4446 1
1094 4977 1
1099 1995 1
1099 2263 1
1099 2318 1
1099 2601 1
1099 3433 1
1099 3477 1
1099 3517 1
1099 3832 1
1099 4644 1
1099 4696 1
1099 5212 1
1100 1586 1
1100 1965 1
1100 2253 1
1100 3977 1
1100 4304 1
1100 4848 1
1112 2572 1
1116 1210 1
1116 1249 1
1116 1513 1
1116 1800 1
1116 1845 1
1116 1930 1
1116 2130 1
1116 2881 1
1116 3385 1
1116 3568 1
1116 4261 1
1116 4656 1
1116 4887 1
1116 5009 1
1116 5328 1
1127 2832 1
1127 3846 1
1127 3941 1
1129 2572 1
1146 4330 1
1149 3979 1
1151 5337 1
1155 3057 1
1155 4438 1
1160 4749 1
1161 4415 1
1167 1326 1
1167 1658 1
1167 1683 1
1167 2120 1
1167 2128 1
1167 2563 1
1167 2647 1
1167 2775 1
1167 2811 1
1167 2821 1
1167 2881 1
1167 2927 1
1167 2983 1
1167 2998 1
1167 3005 1
1167 3189 1
1167 3691 1
1167 3719 1
1167 3839 1
1167 3858 1
1167 3909 1
1167 3951 1
1167 4077 1
1167 4165 1
1167 4488 1
1167 4693 1
1167 4852 1
1167 4970 1
1167 5150 1
1173 1386 1
1186 1386 1
1188 2194 1
1188 2780 1
1188 4217 1
1190 4296 1
1197 1800 1
1203 1765 1
1203 1792 1
1203 2911 1
1203 4158 1
1203 4218 1
1203 4453 1
1203 4503 1
1203 5095 1
1203 5272 1
1203 5295 1
1210 1251 1
1210 1800 1
1210 1930 1
1210 2230 1
1210 2382 1
1210 2550 1
1210 2930 1
1210 3244 1
1210 3306 1
1210 3356 1
1210 3385 1
1210 4562 1
1210 4656 1
1210 5009 1
1214 1376 1
1219 2572 1
1232 1491 1
1232 1536 1
1232 1591 1
1232 1790 1
1232 2888 1
1232 3178 1
1232 4671 1
1232 4994 1
1236 2740 1
1236 3186 1
1236 3412 1
1236 4197 1
1236 4473 1
1236 4638 1
1237 1242 1
1237 2644 1
1237 2796 1
1237 3288 1
1237 3407 1
1237 3474 1
1237 3558 1
1237 4074 1
1242 1390 1
1242 1438 1
1242 1837 1
1242 1911 1
1242 2193 1
1242 2328 1
1242 2365 1
1242 2476 1
1242 2479 1
1242 2577 1
1242 2874 1
1242 3140 1
1242 3224 1
1242 3312 1
1242 3517 1
1242 3583 1
1242 3666 1
1242 3740 1
1242 3889 1
1242 3908 1
1242 4154 1
1242 4293 1
1242 4342 1
1242 4495 1
1242 4611 1
1244 1641 1
1244 1734 1
1244 2944 1
1244 3032 1
1244 3815 1
1244 3832 1
1244 4696 1
1245 1386 1
1249 1800 1
1249 1930 1
1249 2230 1
1249 2382 1
1249 2550 1
1249 2930 1
1249 3306 1
1249 3356 1
1249 3385 1
1249 4656 1
1249 5009 1
1251 1662 1
1251 1771 1
1251 2958 1
1251 2980 1
1251 2995 1
1251 3177 1
1251 3299 1
1251 3706 1
1251 4522 1
1251 4777 1
1252 4854 1
1253 4346 1
1253 4949 1
1257 1811 1
1257 3394 1
1257 4093 1
1259 1368 1
1268 1804 1
1268 4883 1
1271 1492 1
1289 1716 1
1289 4927 1
1291 2067 1
1291 2969 1
1291 3495 1
1294 1641 1
1294 1734 1
1294 4696 1
1302 1383 1
1302 2067 1
1302 2068 1
1302 2263 1
1302 2275 1
1302 2318 1
1302 2337 1
1302 2473 1
1302 2571 1
1302 2807 1
1302 3224 1
1302 3391 1
1302 4315 1
1302 4706 1
1302 5270 1
1302 5290 1
1304 2209 1
1304 3275 1
1304 3885 1
1304 3971 1
1304 4160 1
1304 4342 1
1304 4345 1
1304 4622 1
1304 4752 1
1304 4796 1
1305 5117 1
1305 5308 1
1306 1333 1
1306 3146 1
1306 3331 1
1308 1740 1
1308 5172 1
1309 4633 1
1310 1476 1
1316 2832 1
1316 3846 1
1316 3941 1
1319 1704 1
1325 1574 1
1325 2744 1
1326 1424 1
1326 1573 1
1326 1683 1
1326 2120 1
1326 2128 1
1326 2774 1
1326 2775 1
1326 2811 1
1326 2881 1
1326 2983 1
1326 3189 1
1326 3524 1
1326 3547 1
1326 3691 1
1326 3719 1
1326 3760 1
1326 3793 1
1326 3858 1
1326 3894 1
1326 3951 1
1326 3983 1
1326 4077 1
1326 4488 1
1326 4757 1
1326 4852 1
1326 5191 1
1326 5200 1
1332 1841 1
1332 2526 1
1333 3249 1
1333 4310 1
1337 1520 1
1337 3653 1
1337 4188 1
1337 4306 1
1337 5249 1
1343 1766 1
1343 1880 1
1343 2096 1
1343 3125 1
1343 3556 1
1343 4596 1
1350 2493 1
1350 3716 1
1351 4487 1
1351 4736 1
1357 1424 1
1357 1567 1
1357 1573 1
1357 1683 1
1357 2120 1
1357 2128 1
1357 2300 1
1357 2441 1
1357 2774 1
1357 2775 1
1357 2811 1
1357 2881 1
1357 2983 1
1357 3524 1
1357 3547 1
1357 3691 1
1357 3719 1
1357 3760 1
1357 3793 1
1357 3858 1
1357 3894 1
1357 3951 1
1357 3983 1
1357 4077 1
1357 4189 1
1357 4228 1
1357 4488 1
1357 4576 1
1357 4757 1
1357 4852 1
1357 5191 1
1357 5200 1
1360 1456 1
1360 1637 1
1360 1655 1
1360 1943 1
1360 2028 1
1360 2222 1
1360 2350 1
1360 2710 1
1360 3218 1
1360 3786 1
1360 4318 1
1360 4352 1
1360 4653 1
1360 4664 1
1360 5148 1
1360 5149 1
1360 5279 1
1362 2572 1
1367 2053 1
1367 2316 1
1367 2813 1
1367 3579 1
1367 5251 1
1368 5057 1
1376 4279 1
1376 4846 1
1381 4279 1
1383 1534 1
1383 1546 1
1383 1557 1
1383 1674 1
1383 2275 1
1383 2318 1
1383 2337 1
1383 2473 1
1383 2549 1
1383 2807 1
1383 2986 1
1383 3120 1
1383 3391 1
1383 3638 1
1383 3734 1
1383 4706 1
1383 4943 1
1383 5161 1
1383 5290 1
1385 1528 1
1385 1707 1
1385 2022 1
1385 3403 1
1385 3589 1
1385 3996 1
1385 4160 1
1385 4734 1
1385 4776 1
1385 4842 1
1385 5074 1
1385 5085 1
1386 1425 1
1386 1644 1
1386 1762 1
1386 1822 1
1386 1931 1
1386 2259 1
1386 2273 1
1386 2327 1
1386 2592 1
1386 2753 1
1386 2776 1
1386 2965 1
1386 3411 1
1386 3500 1
1386 3502 1
1386 3725 1
1386 4267 1
1386 4357 1
1386 4485 1
1386 4743 1
1386 5170 1
1386 5233 1
1390 2644 1
1390 3288 1
1390 3474 1
1390 3558 1
1391 2505 1
1391 4433 1
1394 3541 1
1394 5085 1
1404 1843 1
1404 1866 1
1404 1896 1
1404 2732 1
1404 2877 1
1404 3154 1
1404 3335 1
1404 4734 1
1404 4776 1
1404 4913 1
1410 3429 1
1410 3847 1
1416 2666 1
1416 4057 1
1424 1658 1
1424 1681 1
1424 1683 1
1424 2016 1
1424 2120 1
1424 2299 1
1424 2563 1
1424 2582 1
1424 2774 1
1424 2998 1
1424 3005 1
1424 3189 1
1424 3524 1
1424 3574 1
1424 3653 1
1424 3691 1
1424 3839 1
1424 3892 1
1424 3894 1
1424 3909 1
1424 4018 1
1424 4077 1
1424 4165 1
1424 4306 1
1424 4488 1
1424 4555 1
1424 4658 1
1424 4693 1
1424 4809 1
1424 4970 1
1424 5150 1
1424 5191 1
1424 5234 1
1427 1745 1
1427 1804 1
1430 3815 1
1430 5125 1
1436 3263 1
1438 2644 1
1438 3288 1
1438 3474 1
1438 3558 1
1447 3164 1
1447 3189 1
1447 4562 1
1452 4303 1
1453 1503 1
1453 1645 1
1453 2837 1
1455 1708 1
1455 1841 1
1455 2275 1
1455 2318 1
1455 2337 1
1455 2352 1
1455 2473 1
1455 2656 1
1455 2675 1
1455 2807 1
1455 3391 1
1455 3746 1
1455 3898 1
1455 4676 1
1455 4706 1
1455 4798 1
1455 4822 1
1455 4854 1
1455 5290 1
1455 5305 1
1456 1690 1
1456 2913 1
1456 2951 1
1456 4028 1
1456 4143 1
1456 4401 1
1456 4446 1
1456 4977 1
1463 1745 1
1463 1804 1
1465 2572 1
1467 3097 1
1467 4072 1
1468 2572 1
1476 1695 1
1476 2409 1
1476 2501 1
1476 2720 1
1476 2761 1
1476 3142 1
1476 3161 1
1476 4138 1
1476 4188 1
1476 4341 1
1476 4557 1
1476 4853 1
1476 4891 1
1476 5180 1
1484 2572 1
1484 3407 1
1484 4074 1
1490 2572 1
1491 2109 1
1491 2347 1
1491 3762 1
1491 3773 1
1491 4176 1
1491 4456 1
1491 4752 1
1491 4796 1
1493 2913 1
1499 4027 1
1500 2879 1
1500 3937 1
1500 4984 1
1500 5271 1
1503 1645 1
1503 2837 1
1504 2091 1
1504 2541 1
1504 3793 1
1510 1978 1
1510 2572 1
1510 2797 1
1513 1800 1
1513 1930 1
1513 2230 1
1513 2382 1
1513 2550 1
1513 2930 1
1513 3306 1
1513 3356 1
1513 3385 1
1513 4656 1
1513 5009 1
1520 2035 1
1520 2159 1
1520 2797 1
1520 3028 1
1520 3858 1
1520 3884 1
1520 4286 1
1520 4907 1
1520 5207 1
1520 5316 1
1528 1843 1
1528 1866 1
1528 1896 1
1528 2600 1
1528 2732 1
1528 2877 1
1528 3154 1
1528 3335 1
1528 4734 1
1528 4776 1
1528 4913 1
1534 2067 1
1534 2068 1
1534 2263 1
1534 2275 1
1534 2318 1
1534 2337 1
1534 2473 1
1534 2571 1
1534 2675 1
1534 2807 1
1534 3224 1
1534 3391 1
1534 4315 1
1534 4706 1
1534 5270 1
1534 5290 1
1536 2109 1
1536 2347 1
1536 2453 1
1536 3762 1
1536 3773 1
1536 3885 1
1536 4176 1
1536 4456 1
1536 4622 1
1536 4752 1
1536 4796 1
1539 1942 1
1539 2295 1
1539 2337 1
1539 2675 1
1539 2807 1
1539 3407 1
1539 3790 1
1539 4074 1
1539 4127 1
1539 4779 1
1546 2067 1
1546 2068 1
1546 2263 1
1546 2275 1
1546 2318 1
1546 2337 1
1546 2473 1
1546 2571 1
1546 2807 1
1546 3224 1
1546 3391 1
1546 4315 1
1546 4706 1
1546 5270 1
1546 5290 1
1552 1745 1
1552 1804 1
1555 2751 1
1555 3267 1
1557 2067 1
1557 2068 1
1557 2263 1
1557 2275 1
1557 2318 1
1557 2337 1
1557 2473 1
1557 2571 1
1557 2675 1
1557 2807 1
1557 3224 1
1557 3391 1
1557 4315 1
1557 4706 1
1557 5270 1
1557 5290 1
1559 2347 1
1559 3762 1
1559 4752 1
1559 4796 1
1564 2908 1
1564 3329 1
1564 3823 1
1567 3599 1
1573 1621 1
1573 1658 1
1573 1877 1
1573 2016 1
1573 2299 1
1573 2698 1
1573 2821 1
1573 2998 1
1573 3001 1
1573 3005 1
1573 3574 1
1573 3741 1
1573 3803 1
1573 3839 1
1573 3892 1
1573 3909 1
1573 3927 1
1573 4018 1
1573 4054 1
1573 4165 1
1573 4555 1
1573 4693 1
1573 4761 1
1573 4809 1
1573 4872 1
1573 4970 1
1573 5150 1
1573 5173 1
1573 5234 1
1574 2446 1
1574 2651 1
1574 3061 1
1574 3408 1
1574 4873 1
1574 5294 1
1575 1708 1
1575 1841 1
1575 2318 1
1575 2352 1
1575 2656 1
1575 2675 1
1575 3746 1
1575 3898 1
1575 4676 1
1575 4798 1
1575 4822 1
1575 4854 1
1575 5305 1
1582 1745 1
1582 1804 1
1584 2637 1
1586 2435 1
1586 2722 1
1586 2924 1
1586 3046 1
1586 3087 1
1586 3929 1
1586 3977 1
1586 3992 1
1586 4734 1
1586 4776 1
1586 4913 1
1586 5227 1
1587 2572 1
1591 2109 1
1591 2347 1
1591 2453 1
1591 3762 1
1591 3773 1
1591 3885 1
1591 4176 1
1591 4456 1
1591 4622 1
1591 4752 1
1591 4796 1
1596 2816 1
1605 5070 1
1609 2342 1
1609 3885 1
1611 2908 1
1611 3329 1
1611 3823 1
1612 1664 1
1612 4940 1
1621 1683 1
1621 2120 1
1621 2774 1
1621 3524 1
1621 3691 1
1621 3760 1
1621 3793 1
1621 3894 1
1621 3983 1
1621 4077 1
1621 4488 1
1621 5191 1
1621 5200 1
1629 3980 1
1629 4905 1
1629 5318 1
1635 1676 1
1635 2338 1
1635 2825 1
1635 3470 1
1635 3599 1
1635 4057 1
1635 4283 1
1635 4555 1
1635 4872 1
1635 5234 1
1637 2913 1
1637 2951 1
1637 4028 1
1637 4143 1
1637 4401 1
1637 4446 1
1637 4977 1
1640 1798 1
1640 4240 1
1640 4304 1
1641 1870 1
1641 1879 1
1641 1932 1
1641 2050 1
1641 2265 1
1641 2505 1
1641 2734 1
1641 3155 1
1641 3369 1
1641 3390 1
1641 3899 1
1641 4325 1
1641 4358 1
1641 4433 1
1641 4494 1
1641 4805 1
1641 4999 1
1641 5089 1
1645 2837 1
1650 3732 1
1650 4663 1
1653 2143 1
1655 1690 1
1655 2913 1
1655 2951 1
1655 4028 1
1655 4143 1
1655 4401 1
1655 4446 1
1655 4977 1
1657 2572 1
1658 1683 1
1658 2120 1
1658 2128 1
1658 2774 1
1658 2775 1
1658 2811 1
1658 2881 1
1658 2983 1
1658 3189 1
1658 3524 1
1658 3547 1
1658 3691 1
1658 3719 1
1658 3760 1
1658 3793 1
1658 3858 1
1658 3894 1
1658 3951 1
1658 3983 1
1658 4077 1
1658 4488 1
1658 4757 1
1658 4852 1
1658 5191 1
1658 5200 1
1660 3154 1
1660 3335 1
1662 3244 1
1662 4562 1
1664 4574 1
1670 1805 1
1674 2067 1
1674 2068 1
1674 2263 1
1674 2275 1
1674 2318 1
1674 2337 1
1674 2473 1
1674 2571 1
1674 2807 1
1674 3224 1
1674 3391 1
1674 4315 1
1674 4706 1
1674 5270 1
1674 5290 1
1675 2826 1
1675 3803 1
1676 3556 1
1679 2096 1
1679 2276 1
1679 2918 1
1679 2940 1
1679 3225 1
1679 4029 1
1679 4204 1
1679 4596 1
1679 4867 1
1683 1877 1
1683 2016 1
1683 2128 1
1683 2299 1
1683 2698 1
1683 2775 1
1683 2811 1
1683 2821 1
1683 2881 1
1683 2983 1
1683 2998 1
1683 3001 1
1683 3005 1
1683 3189 1
1683 3547 1
1683 3574 1
1683 3719 1
1683 3741 1
1683 3803 1
1683 3839 1
1683 3858 1
1683 3892 1
1683 3909 1
1683 3927 1
1683 3951 1
1683 4018 1
1683 4054 1
1683 4165 1
1683 4555 1
1683 4693 1
1683 4757 1
1683 4761 1
1683 4809 1
1683 4852 1
1683 4872 1
1683 4970 1
1683 5150 1
1683 5173 1
1683 5234 1
1684 2572 1
1684 4207 1
1689 3186 1
1689 4473 1
1690 2028 1
1690 2222 1
1690 2294 1
1690 2350 1
1690 2710 1
1690 3786 1
1690 4300 1
1690 4352 1
1690 4664 1
1690 5148 1
1704 2531 1
1704 4168 1
1707 1843 1
1707 1866 1
1707 1896 1
1707 2600 1
1707 2732 1
1707 2877 1
1707 3154 1
1707 3335 1
1707 4734 1
1707 4776 1
1707 4913 1
1708 1841 1
1708 1858 1
1708 2067 1
1708 2299 1
1708 2318 1
1708 2352 1
1708 2675 1
1708 3407 1
1708 3701 1
1708 3827 1
1708 3898 1
1708 3963 1
1708 4074 1
1708 4133 1
1708 4696 1
1708 4798 1
1708 4855 1
1708 4869 1
1708 4951 1
1708 5218 1
1709 4757 1
1712 2834 1
1712 3140 1
1713 2438 1
1713 3204 1
1713 3425 1
1716 4927 1
1728 2816 1
1729 2143 1
1730 2572 1
1731 3112 1
1731 4503 1
1734 1870 1
1734 1932 1
1734 2050 1
1734 2265 1
1734 2587 1
1734 2734 1
1734 3155 1
1734 3369 1
1734 3899 1
1734 4325 1
1734 4494 1
1734 4805 1
1734 4999 1
1734 5089 1
1739 2577 1
1739 3553 1
1740 3019 1
1740 3676 1
1745 1764 1
1745 1797 1
1745 1804 1
1745 1899 1
1745 1941 1
1745 1962 1
1745 1979 1
1745 2029 1
1745 2238 1
1745 2467 1
1745 2483 1
1745 2524 1
1745 2529 1
1745 2766 1
1745 2837 1
1745 2906 1
1745 3138 1
1745 3208 1
1745 3288 1
1745 3341 1
1745 3445 1
1745 3565 1
1745 3726 1
1745 4115 1
1745 4184 1
1745 4257 1
1745 4292 1
1745 4329 1
1745 4459 1
1745 4537 1
1745 4903 1
1745 4914 1
1745 4941 1
1746 2572 1
1751 4936 1
1764 1804 1
1765 2572 1
1765 4426 1
1766 2096 1
1766 2276 1
1766 2918 1
1766 2940 1
1766 2974 1
1766 3213 1
1766 3225 1
1766 3452 1
1766 3556 1
1766 3723 1
1766 4029 1
1766 4596 1
1766 4867 1
1769 3969 1
1769 4932 1
1771 3244 1
1771 4562 1
1784 2572 1
1784 4207 1
1789 2832 1
1789 3846 1
1789 3941 1
1790 2109 1
1790 2342 1
1790 2347 1
1790 2453 1
1790 3275 1
1790 3762 1
1790 3773 1
1790 3885 1
1790 4081 1
1790 4176 1
1790 4752 1
1790 4796 1
1797 1804 1
1798 4945 1
1800 1845 1
1800 1930 1
1800 2130 1
1800 2230 1
1800 2550 1
1800 2881 1
1800 3306 1
1800 3356 1
1800 3568 1
1800 3571 1
1800 4261 1
1800 4656 1
1800 4887 1
1800 5328 1
1802 1930 1
1802 1975 1
1802 2382 1
1802 2930 1
1802 3306 1
1802 4656 1
1804 1899 1
1804 1941 1
1804 1962 1
1804 1979 1
1804 2029 1
1804 2238 1
1804 2467 1
1804 2524 1
1804 2529 1
1804 2766 1
1804 2837 1
1804 2857 1
1804 2906 1
1804 3138 1
1804 3208 1
1804 3341 1
1804 3548 1
1804 3565 1
1804 3726 1
1804 4184 1
1804 4257 1
1804 4292 1
1804 4329 1
1804 4459 1
1804 4537 1
1804 4903 1
1804 4914 1
1804 4941 1
1819 2759 1
1819 3781 1
1828 2177 1
1828 3648 1
1828 3884 1
1828 4519 1
1833 2005 1
1833 4363 1
1834 2916 1
1834 3856 1
1837 2644 1
1837 3288 1
1837 3474 1
1837 3558 1
1841 1858 1
1841 2299 1
1841 2318 1
1841 2352 1
1841 2656 1
1841 2675 1
1841 2921 1
1841 3407 1
1841 3701 1
1841 3746 1
1841 3827 1
1841 3898 1
1841 3963 1
1841 4074 1
1841 4133 1
1841 4676 1
1841 4696 1
1841 4798 1
1841 4822 1
1841 4869 1
1841 5218 1
1841 5305 1
1843 3276 1
1845 1930 1
1845 2230 1
1845 2382 1
1845 2550 1
1845 2930 1
1845 3306 1
1845 3356 1
1845 3385 1
1845 4656 1
1845 5009 1
1846 2212 1
1846 4288 1
1848 2759 1
1848 3781 1
1852 4802 1
1855 4802 1
1858 1995 1
1858 2275 1
1858 2318 1
1858 2337 1
1858 2352 1
1858 2473 1
1858 2656 1
1858 2675 1
1858 2807 1
1858 3391 1
1858 3746 1
1858 3898 1
1858 4676 1
1858 4706 1
1858 4798 1
1858 4822 1
1858 4854 1
1858 5290 1
1858 5305 1
1865 2301 1
1866 3276 1
1868 2841 1
1868 4315 1
1868 4642 1
1869 2464 1
1869 3793 1
1869 3929 1
1869 4462 1
1870 3832 1
1870 4696 1
1876 2572 1
1876 4207 1
1877 2120 1
1877 2774 1
1877 3524 1
1877 3691 1
1877 3760 1
1877 3793 1
1877 3894 1
1877 3983 1
1877 4077 1
1877 4488 1
1877 5100 1
1877 5191 1
1877 5200 1
1880 2096 1
1880 2276 1
1880 2918 1
1880 2940 1
1880 2974 1
1880 3213 1
1880 3225 1
1880 3452 1
1880 3556 1
1880 4029 1
1880 4596 1
1880 4867 1
1885 4375 1
1885 4616 1
1887 4999 1
1890 3189 1
1891 3715 1
1894 3885 1
1894 4456 1
1894 4622 1
1896 3276 1
1903 2115 1
1903 4568 1
1903 4898 1
1911 2644 1
1911 3288 1
1911 3474 1
1911 3558 1
1918 2669 1
1921 2356 1
1921 5306 1
1925 1933 1
1925 2701 1
1925 3837 1
1930 2068 1
1930 2130 1
1930 2230 1
1930 2382 1
1930 2550 1
1930 2881 1
1930 2930 1
1930 3104 1
1930 3306 1
1930 3356 1
1930 3385 1
1930 3568 1
1930 4261 1
1930 4757 1
1930 4887 1
1930 5009 1
1930 5270 1
1930 5328 1
1931 4021 1
1932 2944 1
1932 3032 1
1932 3815 1
1932 3832 1
1932 4696 1
1933 3159 1
1933 4801 1
1939 2010 1
1939 4774 1
1942 2301 1
1942 2337 1
1942 2427 1
1942 2675 1
1942 2807 1
1942 2818 1
1942 3407 1
1942 3790 1
1942 4074 1
1942 4113 1
1942 4779 1
1943 2913 1
1943 2951 1
1943 4028 1
1943 4143 1
1943 4401 1
1943 4446 1
1943 4977 1
1945 2546 1
1945 4647 1
1946 4487 1
1946 4736 1
1948 2209 1
1948 3275 1
1948 3885 1
1948 3971 1
1948 4160 1
1948 4342 1
1948 4345 1
1948 4622 1
1948 4752 1
1948 4796 1
1965 2435 1
1965 2722 1
1965 2924 1
1965 3046 1
1965 3087 1
1965 3929 1
1965 3977 1
1965 3992 1
1965 4415 1
1965 4913 1
1965 5227 1
1985 2254 1
1990 2623 1
1990 4057 1
1990 4283 1
1995 4032 1
1995 4696 1
1995 4805 1
1995 4951 1
1995 5208 1
1996 4049 1
1996 4942 1
2000 4415 1
2004 2254 1
2005 2308 1
2006 2770 1
2006 3288 1
2010 2110 1
2015 3150 1
2015 3785 1
2016 2120 1
2016 2128 1
2016 2774 1
2016 2775 1
2016 2811 1
2016 2881 1
2016 2983 1
2016 3524 1
2016 3547 1
2016 3691 1
2016 3719 1
2016 3760 1
2016 3793 1
2016 3858 1
2016 3894 1
2016 3951 1
2016 3983 1
2016 4077 1
2016 4488 1
2016 4757 1
2016 4852 1
2016 5191 1
2016 5200 1
2022 2925 1
2022 4298 1
2028 2913 1
2028 2951 1
2028 4028 1
2028 4143 1
2028 4401 1
2028 4446 1
2028 4977 1
2035 3653 1
2035 4188 1
2035 4306 1
2035 5249 1
2039 2067 1
2039 2068 1
2039 2263 1
2039 2275 1
2039 2318 1
2039 2337 1
2039 2473 1
2039 2807 1
2039 3224 1
2039 3391 1
2039 3873 1
2039 4315 1
2039 4706 1
2039 5270 1
2039 5290 1
2044 3164 1
2044 3189 1
2044 4562 1
2053 2316 1
2053 2813 1
2053 3579 1
2054 2572 1
2067 2275 1
2067 2318 1
2067 2337 1
2067 2473 1
2067 2549 1
2067 2597 1
2067 2675 1
2067 2807 1
2067 2986 1
2067 3120 1
2067 3391 1
2067 3460 1
2067 3517 1
2067 3638 1
2067 3734 1
2067 3746 1
2067 4015 1
2067 4296 1
2067 4706 1
2067 4943 1
2067 5161 1
2067 5290 1
2068 2382 1
2068 2549 1
2068 2597 1
2068 2771 1
2068 2930 1
2068 2986 1
2068 3078 1
2068 3120 1
2068 3306 1
2068 3460 1
2068 3638 1
2068 3734 1
2068 4015 1
2068 4656 1
2068 4943 1
2068 5161 1
2085 3541 1
2085 5085 1
2091 2221 1
2091 2698 1
2091 3113 1
2096 2940 1
2096 2974 1
2096 3125 1
2096 3225 1
2096 3452 1
2096 3556 1
2096 3638 1
2096 4029 1
2096 4204 1
2096 4596 1
2101 2572 1
2106 4490 1
2109 2888 1
2109 3178 1
2109 4342 1
2109 4345 1
2109 4671 1
2109 4994 1
2110 4774 1
2111 2479 1
2111 2874 1
2111 3666 1
2111 4154 1
2111 4415 1
2111 4495 1
2115 3447 1
2120 2128 1
2120 2299 1
2120 2698 1
2120 2775 1
2120 2811 1
2120 2821 1
2120 2881 1
2120 2983 1
2120 2998 1
2120 3001 1
2120 3005 1
2120 3189 1
2120 3547 1
2120 3574 1
2120 3719 1
2120 3741 1
2120 3803 1
2120 3839 1
2120 3858 1
2120 3892 1
2120 3909 1
2120 3927 1
2120 3951 1
2120 4018 1
2120 4054 1
2120 4165 1
2120 4555 1
2120 4693 1
2120 4757 1
2120 4761 1
2120 4809 1
2120 4852 1
2120 4872 1
2120 4970 1
2120 5150 1
2120 5173 1
2120 5234 1
2128 2299 1
2128 2563 1
2128 2774 1
2128 2998 1
2128 3005 1
2128 3189 1
2128 3524 1
2128 3574 1
2128 3691 1
2128 3839 1
2128 3892 1
2128 3894 1
2128 3909 1
2128 4018 1
2128 4077 1
2128 4140 1
2128 4165 1
2128 4488 1
2128 4555 1
2128 4658 1
2128 4693 1
2128 4809 1
2128 4970 1
2128 5150 1
2128 5234 1
2130 2230 1
2130 2382 1
2130 2550 1
2130 2930 1
2130 3306 1
2130 3356 1
2130 3385 1
2130 4656 1
2130 5009 1
2134 2841 1
2134 4642 1
2143 3647 1
2143 5280 1
2144 2447 1
2150 3332 1
2159 3653 1
2159 4188 1
2159 4306 1
2159 5249 1
2166 4802 1
2170 3760 1
2170 3983 1
2171 2572 1
2177 2297 1
2177 3648 1
2177 3884 1
2177 4230 1
2177 4303 1
2189 3394 1
2189 4093 1
2193 2483 1
2193 2644 1
2193 3288 1
2193 3474 1
2193 3558 1
2193 4115 1
2209 3971 1
2209 4342 1
2209 4345 1
2209 4752 1
2209 4796 1
2212 5276 1
2213 3288 1
2213 3387 1
2213 4027 1
2213 4957 1
2213 5129 1
2213 5227 1
2213 5337 1
2216 4846 1
2220 2770 1
2220 3288 1
2221 2541 1
2221 2774 1
2222 2913 1
2222 2951 1
2222 4028 1
2222 4143 1
2222 4401 1
2222 4446 1
2222 4977 1
2223 2300 1
2223 2441 1
2223 4189 1
2223 4228 1
2223 4576 1
2225 2438 1
2225 2723 1
2225 3320 1
2225 3556 1
2230 2881 1
2230 3385 1
2230 3568 1
2230 4261 1
2230 4656 1
2230 4887 1
2230 5009 1
2230 5328 1
2245 4802 1
2249 2352 1
2249 2675 1
2249 4644 1
2249 4798 1
2252 4392 1
2253 2435 1
2253 2722 1
2253 2924 1
2253 3046 1
2253 3087 1
2253 3929 1
2253 3977 1
2253 3992 1
2253 4734 1
2253 4776 1
2253 4913 1
2253 5227 1
2254 4448 1
2263 2549 1
2263 2597 1
2263 2986 1
2263 3120 1
2263 3460 1
2263 3638 1
2263 3734 1
2263 4015 1
2263 4032 1
2263 4169 1
2263 4943 1
2263 5037 1
2263 5161 1
2263 5305 1
2265 2944 1
2265 3032 1
2265 3350 1
2265 3815 1
2265 3832 1
2265 4696 1
2265 5135 1
2275 2549 1
2275 2571 1
2275 2597 1
2275 2675 1
2275 2986 1
2275 3120 1
2275 3407 1
2275 3460 1
2275 3638 1
2275 3701 1
2275 3734 1
2275 3963 1
2275 4015 1
2275 4074 1
2275 4943 1
2275 5161 1
2276 2940 1
2276 3125 1
2276 3225 1
2276 3638 1
2276 4029 1
2276 4204 1
2276 4596 1
2283 3846 1
2294 2913 1
2294 2951 1
2294 4143 1
2294 4446 1
2295 2301 1
2295 2337 1
2295 2427 1
2295 2675 1
2295 2807 1
2295 2818 1
2295 3407 1
2295 3790 1
2295 4074 1
2295 4113 1
2295 4779 1
2297 3648 1
2297 3884 1
2297 4519 1
2299 2318 1
2299 2352 1
2299 2656 1
2299 2675 1
2299 2774 1
2299 2775 1
2299 2811 1
2299 2881 1
2299 2983 1
2299 3524 1
2299 3547 1
2299 3691 1
2299 3719 1
2299 3746 1
2299 3760 1
2299 3793 1
2299 3858 1
2299 3894 1
2299 3898 1
2299 3951 1
2299 3983 1
2299 4077 1
2299 4488 1
2299 4676 1
2299 4757 1
2299 4798 1
2299 4822 1
2299 4852 1
2299 4854 1
2299 5191 1
2299 5200 1
2299 5305 1
2300 2590 1
2300 2796 1
2300 3394 1
2300 3889 1
2301 3790 1
2301 4127 1
2308 4363 1
2311 2572 1
2311 3815 1
2312 5314 1
2316 2754 1
2316 2813 1
2316 5251 1
2318 2352 1
2318 2549 1
2318 2571 1
2318 2597 1
2318 2656 1
2318 2675 1
2318 2986 1
2318 3120 1
2318 3407 1
2318 3460 1
2318 3638 1
2318 3701 1
2318 3734 1
2318 3746 1
2318 3827 1
2318 3898 1
2318 3963 1
2318 4015 1
2318 4032 1
2318 4074 1
2318 4133 1
2318 4644 1
2318 4676 1
2318 4696 1
2318 4798 1
2318 4822 1
2318 4869 1
2318 4943 1
2318 4951 1
2318 5161 1
2318 5218 1
2318 5305 1
2323 4383 1
2323 4691 1
2328 2644 1
2328 3288 1
2328 3474 1
2328 3558 1
2337 2549 1
2337 2571 1
2337 2597 1
2337 2675 1
2337 2986 1
2337 3120 1
2337 3407 1
2337 3460 1
2337 3638 1
2337 3701 1
2337 3734 1
2337 3963 1
2337 4015 1
2337 4074 1
2337 4127 1
2337 4779 1
2337 4943 1
2337 5161 1
2338 3556 1
2339 4346 1
2339 4949 1
2341 4802 1
2342 3240 1
2342 4123 1
2347 2888 1
2347 3178 1
2347 3971 1
2347 4342 1
2347 4345 1
2347 4554 1
2347 4671 1
2347 4994 1
2350 2913 1
2350 2951 1
2350 4028 1
2350 4143 1
2350 4401 1
2350 4446 1
2350 4977 1
2352 2656 1
2352 2675 1
2352 2841 1
2352 3057 1
2352 3407 1
2352 3701 1
2352 3746 1
2352 3827 1
2352 3963 1
2352 4074 1
2352 4133 1
2352 4315 1
2352 4438 1
2352 4642 1
2352 4676 1
2352 4696 1
2352 4798 1
2352 4822 1
2352 4869 1
2352 5218 1
2352 5305 1
2363 2969 1
2363 3495 1
2365 2644 1
2365 3288 1
2365 3474 1
2365 3558 1
2375 4507 1
2378 4233 1
2378 5086 1
2382 2881 1
2382 3104 1
2382 3306 1
2382 3568 1
2382 4261 1
2382 4656 1
2382 4757 1
2382 4887 1
2382 5270 1
2382 5328 1
2387 2392 1
2390 3288 1
2390 3387 1
2390 4027 1
2390 4957 1
2390 5129 1
2390 5227 1
2390 5337 1
2420 2572 1
2425 2916 1
2425 3856 1
2427 3407 1
2427 4074 1
2427 4127 1
2434 4013 1
2435 3977 1
2435 4304 1
2435 4848 1
2436 2740 1
2436 3186 1
2436 3412 1
2436 4197 1
2436 4473 1
2436 4638 1
2438 2723 1
2441 2590 1
2441 2796 1
2441 3394 1
2441 3889 1
2446 5294 1
2447 3288 1
2447 4936 1
2453 2463 1
2453 2888 1
2453 3178 1
2453 3971 1
2453 4671 1
2463 3885 1
2464 4548 1
2473 2549 1
2473 2571 1
2473 2597 1
2473 2675 1
2473 2986 1
2473 3120 1
2473 3407 1
2473 3460 1
2473 3638 1
2473 3701 1
2473 3734 1
2473 3963 1
2473 4015 1
2473 4074 1
2473 4805 1
2473 4943 1
2473 4951 1
2473 5089 1
2473 5161 1
2473 5208 1
2476 2644 1
2476 3288 1
2476 3474 1
2476 3542 1
2476 3558 1
2476 3893 1
2479 2644 1
2479 3288 1
2479 3474 1
2479 3558 1
2479 3851 1
2483 3447 1
2484 2647 1
2486 4650 1
2491 2587 1
2491 3390 1
2491 4999 1
2493 3263 1
2505 3156 1
2522 5202 1
2526 2921 1
2532 2763 1
2532 3542 1
2535 4616 1
2535 4931 1
2539 3885 1
2539 4456 1
2539 4622 1
2541 2698 1
2541 3113 1
2549 2571 1
2549 2807 1
2549 3224 1
2549 3391 1
2549 4315 1
2549 4706 1
2549 5270 1
2549 5290 1
2550 2881 1
2550 3306 1
2550 3568 1
2550 4261 1
2550 4656 1
2550 4887 1
2550 5328 1
2563 2775 1
2563 2811 1
2563 2821 1
2563 2881 1
2563 2983 1
2563 3189 1
2563 3547 1
2563 3719 1
2563 3858 1
2563 3951 1
2563 4757 1
2563 4852 1
2571 2807 1
2571 2986 1
2571 3120 1
2571 3391 1
2571 3638 1
2571 3734 1
2571 4706 1
2571 4943 1
2571 5161 1
2571 5290 1
2572 2601 1
2572 2627 1
2572 2761 1
2572 2828 1
2572 2834 1
2572 2868 1
2572 2911 1
2572 3114 1
2572 3255 1
2572 3357 1
2572 3463 1
2572 3540 1
2572 3564 1
2572 3621 1
2572 3659 1
2572 3681 1
2572 3709 1
2572 3732 1
2572 3743 1
2572 3818 1
2572 3825 1
2572 4104 1
2572 4278 1
2572 4319 1
2572 4320 1
2572 4381 1
2572 4426 1
2572 4453 1
2572 4557 1
2572 4663 1
2572 4782 1
2572 4806 1
2572 4894 1
2572 4998 1
2572 5112 1
2572 5156 1
2572 5164 1
2572 5215 1
2572 5237 1
2572 5300 1
2572 5315 1
2572 5329 1
2576 4616 1
2576 4931 1
2577 2644 1
2577 3288 1
2577 3474 1
2581 2748 1
2581 2851 1
2581 3670 1
2581 3694 1
2581 4377 1
2587 2736 1
2587 3815 1
2587 4696 1
2587 4999 1
2587 5135 1
2590 4189 1
2590 4228 1
2590 4576 1
2597 2807 1
2597 3224 1
2597 3391 1
2597 4315 1
2597 4706 1
2597 5270 1
2597 5290 1
2600 3403 1
2600 3589 1
2600 3996 1
2600 4734 1
2600 4776 1
2600 4842 1
2600 5074 1
2600 5085 1
2601 3815 1
2601 4032 1
2601 4644 1
2601 4951 1
2601 5208 1
2601 5217 1
2610 3112 1
2610 4503 1
2623 2637 1
2623 3148 1
2623 3367 1
2632 3334 1
2632 3800 1
2632 4567 1
2637 3116 1
2644 2874 1
2644 3140 1
2644 3224 1
2644 3312 1
2644 3517 1
2644 3583 1
2644 3666 1
2644 3740 1
2644 3889 1
2644 3908 1
2644 4154 1
2644 4293 1
2644 4342 1
2644 4495 1
2644 4611 1
2647 3189 1
2647 3499 1
2651 2744 1
2652 3035 1
2652 3490 1
2652 3640 1
2652 3861 1
2652 4402 1
2654 5202 1
2656 2675 1
2656 3407 1
2656 3701 1
2656 3827 1
2656 3898 1
2656 3963 1
2656 4074 1
2656 4133 1
2656 4798 1
2656 4869 1
2656 5218 1
2666 4119 1
2668 3408 1
2669 2937 1
2669 3710 1
2675 2807 1
2675 3120 1
2675 3391 1
2675 3407 1
2675 3495 1
2675 3701 1
2675 3746 1
2675 3827 1
2675 3898 1
2675 3963 1
2675 4074 1
2675 4127 1
2675 4133 1
2675 4676 1
2675 4696 1
2675 4706 1
2675 4779 1
2675 4798 1
2675 4822 1
2675 4869 1
2675 5218 1
2675 5290 1
2675 5305 1
2682 4936 1
2682 4987 1
2684 4809 1
2698 2774 1
2698 3524 1
2698 3691 1
2698 3760 1
2698 3793 1
2698 3894 1
2698 3983 1
2698 4077 1
2698 4488 1
2698 5191 1
2698 5200 1
2701 3159 1
2701 4801 1
2702 4013 1
2706 4115 1
2710 2913 1
2710 2951 1
2710 4028 1
2710 4143 1
2710 4401 1
2710 4446 1
2710 4977 1
2722 4304 1
2722 4848 1
2723 3425 1
2723 3860 1
2732 3276 1
2740 2981 1
2740 3186 1
2740 3595 1
2740 4473 1
2744 3408 1
2748 3598 1
2754 3579 1
2754 3738 1
2754 4885 1
2759 3165 1
2759 3301 1
2763 3194 1
2763 3444 1
2763 3503 1
2763 3686 1
2763 4086 1
2763 4087 1
2763 4457 1
2763 4482 1
2768 4298 1
2770 5337 1
2771 5270 1
2774 2775 1
2774 2811 1
2774 2821 1
2774 2881 1
2774 2983 1
2774 2998 1
2774 3001 1
2774 3005 1
2774 3547 1
2774 3574 1
2774 3719 1
2774 3741 1
2774 3803 1
2774 3839 1
2774 3858 1
2774 3892 1
2774 3909 1
2774 3927 1
2774 3951 1
2774 4018 1
2774 4054 1
2774 4165 1
2774 4555 1
2774 4693 1
2774 4757 1
2774 4761 1
2774 4809 1
2774 4852 1
2774 4872 1
2774 4970 1
2774 5150 1
2774 5173 1
2774 5234 1
2775 2998 1
2775 3005 1
2775 3189 1
2775 3524 1
2775 3574 1
2775 3691 1
2775 3839 1
2775 3892 1
2775 3894 1
2775 3909 1
2775 4018 1
2775 4077 1
2775 4140 1
2775 4165 1
2775 4488 1
2775 4555 1
2775 4658 1
2775 4693 1
2775 4809 1
2775 4970 1
2775 5150 1
2775 5234 1
2789 4802 1
2792 3275 1
2792 3885 1
2792 4073 1
2796 3060 1
2796 3688 1
2796 3840 1
2796 4189 1
2796 4228 1
2796 4293 1
2796 4576 1
2797 3653 1
2797 4188 1
2797 4306 1
2797 4802 1
2797 5112 1
2797 5249 1
2807 2986 1
2807 3120 1
2807 3407 1
2807 3460 1
2807 3638 1
2807 3701 1
2807 3734 1
2807 3963 1
2807 4015 1
2807 4074 1
2807 4127 1
2807 4779 1
2807 4943 1
2807 5161 1
2809 2908 1
2809 3329 1
2809 3823 1
2810 4802 1
2811 2998 1
2811 3005 1
2811 3189 1
2811 3524 1
2811 3574 1
2811 3691 1
2811 3839 1
2811 3892 1
2811 3894 1
2811 3909 1
2811 4018 1
2811 4077 1
2811 4140 1
2811 4165 1
2811 4488 1
2811 4555 1
2811 4658 1
2811 4693 1
2811 4809 1
2811 4970 1
2811 5150 1
2811 5234 1
2813 3579 1
2813 5251 1
2816 3308 1
2816 3838 1
2816 3987 1
2816 4214 1
2816 4416 1
2816 4715 1
2816 4952 1
2816 5165 1
2817 2916 1
2817 3856 1
2818 3407 1
2818 4074 1
2818 4127 1
2821 3189 1
2821 3524 1
2821 3691 1
2821 3760 1
2821 3793 1
2821 3894 1
2821 3983 1
2821 4077 1
2821 4488 1
2821 4658 1
2821 4906 1
2821 5191 1
2821 5200 1
2825 3556 1
2826 4705 1
2832 3483 1
2832 3545 1
2832 4259 1
2837 4160 1
2841 3036 1
2841 3407 1
2841 3815 1
2841 4040 1
2841 4074 1
2841 4644 1
2841 4951 1
2841 5161 1
2841 5208 1
2841 5301 1
2851 3598 1
2857 4883 1
2859 3428 1
2859 4547 1
2859 4647 1
2859 4657 1
2874 3288 1
2874 3474 1
2874 3558 1
2874 3851 1
2877 3276 1
2879 3937 1
2879 4974 1
2879 5271 1
2881 2930 1
2881 2998 1
2881 3005 1
2881 3189 1
2881 3306 1
2881 3356 1
2881 3385 1
2881 3524 1
2881 3574 1
2881 3691 1
2881 3839 1
2881 3892 1
2881 3894 1
2881 3909 1
2881 4018 1
2881 4077 1
2881 4140 1
2881 4165 1
2881 4488 1
2881 4555 1
2881 4656 1
2881 4658 1
2881 4693 1
2881 4809 1
2881 4970 1
2881 5009 1
2881 5150 1
2881 5234 1
2887 3349 1
2888 3762 1
2888 3773 1
2888 3885 1
2888 4176 1
2888 4456 1
2888 4622 1
2888 4752 1
2888 4796 1
2891 3659 1
2891 4040 1
2891 4805 1
2891 4999 1
2893 3676 1
2908 2982 1
2908 3848 1
2908 4056 1
2908 4688 1
2909 5162 1
2911 4426 1
2911 5337 1
2913 3218 1
2913 3786 1
2913 4300 1
2913 4318 1
2913 4352 1
2913 4653 1
2913 4664 1
2913 5148 1
2913 5149 1
2913 5279 1
2916 3097 1
2916 3856 1
2916 4072 1
2916 4206 1
2916 4641 1
2916 4825 1
2916 4912 1
2916 5320 1
2918 2940 1
2918 3125 1
2918 3225 1
2918 3638 1
2918 4029 1
2918 4204 1
2918 4596 1
2924 3288 1
2924 3977 1
2924 4304 1
2924 4848 1
2927 3189 1
2927 4906 1
2930 3104 1
2930 3306 1
2930 3568 1
2930 4261 1
2930 4656 1
2930 4757 1
2930 4887 1
2930 5270 1
2930 5328 1
2936 3224 1
2940 3125 1
2940 3556 1
2940 3638 1
2940 4113 1
2940 4204 1
2940 4596 1
2940 4867 1
2944 3155 1
2944 3525 1
2944 4040 1
2944 4805 1
2944 4924 1
2951 3218 1
2951 3786 1
2951 4300 1
2951 4318 1
2951 4352 1
2951 4653 1
2951 4664 1
2951 5148 1
2951 5149 1
2951 5279 1
2958 3244 1
2958 4562 1
2960 4951 1
2960 5208 1
2972 4936 1
2974 3125 1
2974 3556 1
2974 4596 1
2979 5217 1
2980 3244 1
2980 4562 1
2981 3186 1
2981 3412 1
2981 4197 1
2981 4473 1
2981 4638 1
2982 3329 1
2982 3823 1
2983 2998 1
2983 3005 1
2983 3189 1
2983 3524 1
2983 3574 1
2983 3691 1
2983 3839 1
2983 3892 1
2983 3894 1
2983 3909 1
2983 4018 1
2983 4077 1
2983 4140 1
2983 4165 1
2983 4488 1
2983 4555 1
2983 4658 1
2983 4693 1
2983 4809 1
2983 4970 1
2983 5150 1
2983 5234 1
2986 3224 1
2986 3391 1
2986 4315 1
2986 4706 1
2986 5270 1
2986 5290 1
2995 3244 1
2995 4562 1
2998 3189 1
2998 3524 1
2998 3547 1
2998 3691 1
2998 3719 1
2998 3760 1
2998 3793 1
2998 3858 1
2998 3894 1
2998 3951 1
2998 3983 1
2998 4077 1
2998 4488 1
2998 4757 1
2998 4852 1
2998 5191 1
2998 5200 1
3001 3524 1
3001 3691 1
3001 3760 1
3001 3793 1
3001 3894 1
3001 3983 1
3001 4077 1
3001 4488 1
3001 4644 1
3001 5191 1
3001 5200 1
3005 3189 1
3005 3524 1
3005 3547 1
3005 3691 1
3005 3719 1
3005 3760 1
3005 3793 1
3005 3858 1
3005 3894 1
3005 3951 1
3005 3983 1
3005 4077 1
3005 4488 1
3005 4757 1
3005 4852 1
3005 5191 1
3005 5200 1
3017 5217 1
3019 5172 1
3028 3653 1
3028 4188 1
3028 4306 1
3028 5249 1
3032 3155 1
3032 3525 1
3032 4040 1
3032 4805 1
3032 4924 1
3035 4015 1
3036 4642 1
3046 3977 1
3046 4304 1
3046 4415 1
3046 4848 1
3047 4298 1
3057 3406 1
3057 3541 1
3059 3186 1
3059 4473 1
3061 3408 1
3061 5294 1
3066 4346 1
3066 4949 1
3078 5270 1
3083 5315 1
3087 3288 1
3087 3977 1
3087 4304 1
3087 4848 1
3097 3856 1
3104 3306 1
3104 4656 1
3112 5337 1
3120 3224 1
3120 3391 1
3120 4315 1
3120 4706 1
3120 5270 1
3120 5290 1
3125 3213 1
3125 3225 1
3125 3452 1
3125 3556 1
3125 4029 1
3125 4596 1
3125 4867 1
3140 3288 1
3140 3474 1
3140 3558 1
3146 3249 1
3146 4310 1
3150 3578 1
3154 3276 1
3155 3815 1
3155 3832 1
3155 4696 1
3156 4433 1
3159 3837 1
3164 3189 1
3164 4562 1
3164 4861 1
3165 3781 1
3177 3244 1
3178 3762 1
3178 3773 1
3178 3885 1
3178 4176 1
3178 4456 1
3178 4622 1
3178 4752 1
3178 4796 1
3186 3412 1
3186 3595 1
3186 4197 1
3186 4638 1
3189 3547 1
3189 3691 1
3189 3719 1
3189 3839 1
3189 3858 1
3189 3909 1
3189 3951 1
3189 4077 1
3189 4165 1
3189 4488 1
3189 4562 1
3189 4693 1
3189 4757 1
3189 4852 1
3189 4861 1
3189 4970 1
3189 5150 1
3194 3542 1
3206 5217 1
3209 4560 1
3213 3452 1
3218 4028 1
3218 4143 1
3218 4401 1
3218 4446 1
3218 4977 1
3224 3288 1
3224 3460 1
3224 3474 1
3224 3558 1
3224 3638 1
3224 3734 1
3224 4015 1
3224 4943 1
3224 5161 1
3225 3556 1
3225 3638 1
3225 4067 1
3225 4204 1
3225 4596 1
3225 4867 1
3229 4507 1
3240 4081 1
3244 3299 1
3244 3706 1
3244 4522 1
3244 4777 1
3245 4415 1
3249 3331 1
3263 3716 1
3275 4752 1
3275 4796 1
3276 3335 1
3276 4734 1
3276 4776 1
3276 4913 1
3285 5224 1
3288 3312 1
3288 3517 1
3288 3583 1
3288 3666 1
3288 3740 1
3288 3889 1
3288 3908 1
3288 4062 1
3288 4154 1
3288 4293 1
3288 4342 1
3288 4495 1
3288 4611 1
3288 4936 1
3288 5097 1
3299 4562 1
3301 3781 1
3306 3385 1
3306 3568 1
3306 4261 1
3306 4656 1
3306 4757 1
3306 4887 1
3306 5009 1
3306 5270 1
3306 5328 1
3308 5070 1
3312 3474 1
3312 3558 1
3320 3556 1
3329 3589 1
3329 3848 1
3329 4056 1
3329 4688 1
3331 4310 1
3349 3934 1
3349 4533 1
3350 3525 1
3350 4040 1
3350 4924 1
3356 3385 1
3356 3568 1
3356 4261 1
3356 4656 1
3356 4887 1
3356 5009 1
3356 5328 1
3369 3832 1
3369 4696 1
3377 4049 1
3385 3568 1
3385 4261 1
3385 4656 1
3385 4887 1
3385 5328 1
3387 4062 1
3390 4999 1
3391 3407 1
3391 3460 1
3391 3638 1
3391 3701 1
3391 3734 1
3391 3963 1
3391 4015 1
3391 4074 1
3391 4943 1
3391 5161 1
3394 3625 1
3394 4093 1
3394 4189 1
3394 4228 1
3394 4576 1
3394 4630 1
3399 3517 1
3403 4298 1
3403 5074 1
3406 3541 1
3406 3558 1
3406 4438 1
3407 3433 1
3407 3746 1
3407 3790 1
3407 3898 1
3407 4113 1
3407 4127 1
3407 4293 1
3407 4315 1
3407 4642 1
3407 4676 1
3407 4706 1
3407 4798 1
3407 4806 1
3407 4822 1
3407 4854 1
3407 5212 1
3407 5290 1
3407 5305 1
3408 5008 1
3412 3595 1
3412 4473 1
3425 4503 1
3425 4792 1
3425 5103 1
3433 3815 1
3433 4032 1
3433 4074 1
3433 4644 1
3433 4951 1
3433 5208 1
3433 5301 1
3444 3542 1
3444 4756 1
3444 4985 1
3447 4568 1
3447 4898 1
3452 3556 1
3452 4596 1
3456 3803 1
3456 5302 1
3460 4315 1
3460 4706 1
3460 5270 1
3460 5290 1
3470 3556 1
3474 3517 1
3474 3583 1
3474 3666 1
3474 3740 1
3474 3889 1
3474 3908 1
3474 4154 1
3474 4293 1
3474 4342 1
3474 4495 1
3474 4611 1
3477 4032 1
3477 4696 1
3483 3846 1
3485 3760 1
3485 3983 1
3485 5100 1
3485 5191 1
3490 4015 1
3490 5057 1
3495 3541 1
3495 4854 1
3503 3542 1
3517 3558 1
3517 4032 1
3517 4113 1
3524 3547 1
3524 3574 1
3524 3719 1
3524 3741 1
3524 3803 1
3524 3839 1
3524 3858 1
3524 3892 1
3524 3909 1
3524 3927 1
3524 3951 1
3524 4018 1
3524 4054 1
3524 4165 1
3524 4555 1
3524 4693 1
3524 4757 1
3524 4761 1
3524 4809 1
3524 4852 1
3524 4872 1
3524 4970 1
3524 5150 1
3524 5173 1
3524 5234 1
3525 4696 1
3525 5135 1
3526 4936 1
3541 4438 1
3541 4558 1
3542 3686 1
3542 3719 1
3542 4086 1
3542 4087 1
3542 4132 1
3542 4457 1
3542 4482 1
3542 4745 1
3542 4907 1
3545 3846 1
3547 3574 1
3547 3691 1
3547 3839 1
3547 3892 1
3547 3894 1
3547 3909 1
3547 4018 1
3547 4077 1
3547 4165 1
3547 4488 1
3547 4555 1
3547 4658 1
3547 4693 1
3547 4809 1
3547 4970 1
3547 5150 1
3547 5234 1
3548 4883 1
3549 3822 1
3556 3599 1
3556 4029 1
3556 4057 1
3556 4283 1
3556 4555 1
3556 4596 1
3556 4872 1
3556 5192 1
3556 5234 1
3558 3583 1
3558 3666 1
3558 3740 1
3558 3889 1
3558 3908 1
3558 4154 1
3558 4293 1
3558 4342 1
3558 4495 1
3558 4611 1
3568 4656 1
3568 5009 1
3574 3691 1
3574 3719 1
3574 3760 1
3574 3793 1
3574 3858 1
3574 3894 1
3574 3951 1
3574 3983 1
3574 4077 1
3574 4488 1
3574 4757 1
3574 4852 1
3574 5191 1
3574 5200 1
3578 3785 1
3579 5251 1
3589 4298 1
3589 5074 1
3595 4197 1
3595 4473 1
3595 4638 1
3598 3670 1
3598 3757 1
3598 4377 1
3599 3807 1
3604 4802 1
3625 4093 1
3638 4029 1
3638 4204 1
3638 4315 1
3638 4596 1
3638 4706 1
3638 4867 1
3638 5270 1
3638 5290 1
3640 4015 1
3648 3884 1
3648 4230 1
3648 4303 1
3648 4519 1
3653 3858 1
3653 3884 1
3653 4018 1
3653 4286 1
3653 4907 1
3653 5207 1
3653 5316 1
3666 3851 1
3676 3694 1
3676 5172 1
3686 4756 1
3686 4985 1
3691 3719 1
3691 3741 1
3691 3803 1
3691 3839 1
3691 3858 1
3691 3892 1
3691 3909 1
3691 3927 1
3691 3951 1
3691 4018 1
3691 4054 1
3691 4165 1
3691 4555 1
3691 4693 1
3691 4757 1
3691 4761 1
3691 4809 1
3691 4852 1
3691 4872 1
3691 4970 1
3691 5150 1
3691 5173 1
3691 5234 1
3695 3885 1
3695 4456 1
3695 4622 1
3701 3746 1
3701 3898 1
3701 4676 1
3701 4706 1
3701 4798 1
3701 4822 1
3701 4854 1
3701 5290 1
3701 5305 1
3719 3839 1
3719 3892 1
3719 3894 1
3719 3909 1
3719 4018 1
3719 4077 1
3719 4140 1
3719 4165 1
3719 4488 1
3719 4555 1
3719 4658 1
3719 4693 1
3719 4809 1
3719 4970 1
3719 5150 1
3719 5234 1
3734 4296 1
3734 4315 1
3734 4706 1
3734 5270 1
3734 5290 1
3738 4330 1
3741 3760 1
3741 3793 1
3741 3894 1
3741 3983 1
3741 4077 1
3741 4488 1
3741 5191 1
3741 5200 1
3746 3827 1
3746 3898 1
3746 3963 1
3746 4074 1
3746 4133 1
3746 4798 1
3746 4855 1
3746 4869 1
3746 5218 1
3760 3803 1
3760 3839 1
3760 3892 1
3760 3909 1
3760 3927 1
3760 4018 1
3760 4054 1
3760 4165 1
3760 4271 1
3760 4555 1
3760 4693 1
3760 4761 1
3760 4809 1
3760 4872 1
3760 4970 1
3760 5150 1
3760 5173 1
3760 5234 1
3762 3971 1
3762 4342 1
3762 4345 1
3762 4554 1
3762 4671 1
3762 4994 1
3773 4342 1
3773 4345 1
3773 4671 1
3773 4994 1
3786 4028 1
3786 4143 1
3786 4401 1
3786 4446 1
3786 4977 1
3790 4074 1
3790 4127 1
3793 3803 1
3793 3839 1
3793 3892 1
3793 3909 1
3793 3927 1
3793 4018 1
3793 4054 1
3793 4165 1
3793 4548 1
3793 4555 1
3793 4693 1
3793 4761 1
3793 4809 1
3793 4872 1
3793 4970 1
3793 5150 1
3793 5173 1
3793 5234 1
3803 3894 1
3803 3983 1
3803 4077 1
3803 4488 1
3803 4705 1
3803 5191 1
3803 5200 1
3815 3832 1
3815 4325 1
3815 4494 1
3815 4558 1
3815 4642 1
3815 4805 1
3815 4999 1
3815 5089 1
3815 5212 1
3815 5281 1
3815 5329 1
3818 4207 1
3822 4699 1
3823 3848 1
3823 4056 1
3823 4688 1
3827 3898 1
3827 4676 1
3827 4798 1
3827 4822 1
3827 4854 1
3827 5305 1
3832 4032 1
3832 4040 1
3832 4325 1
3832 4805 1
3832 5089 1
3837 4801 1
3839 3858 1
3839 3894 1
3839 3951 1
3839 3983 1
3839 4077 1
3839 4488 1
3839 4757 1
3839 4852 1
3839 5191 1
3839 5200 1
3840 4113 1
3846 4259 1
3851 4154 1
3851 4415 1
3851 4495 1
3856 4072 1
3856 4206 1
3856 4641 1
3856 4825 1
3856 5320 1
3858 3892 1
3858 3894 1
3858 3909 1
3858 4018 1
3858 4077 1
3858 4140 1
3858 4165 1
3858 4188 1
3858 4306 1
3858 4488 1
3858 4555 1
3858 4658 1
3858 4693 1
3858 4809 1
3858 4970 1
3858 5150 1
3858 5191 1
3858 5234 1
3858 5249 1
3861 4015 1
3884 4188 1
3884 4230 1
3884 4306 1
3884 4519 1
3884 5249 1
3885 4160 1
3885 4671 1
3889 4189 1
3889 4228 1
3889 4576 1
3892 3894 1
3892 3951 1
3892 3983 1
3892 4077 1
3892 4488 1
3892 4757 1
3892 4852 1
3892 5191 1
3892 5200 1
3894 3909 1
3894 3927 1
3894 3951 1
3894 4018 1
3894 4054 1
3894 4165 1
3894 4555 1
3894 4693 1
3894 4757 1
3894 4761 1
3894 4809 1
3894 4852 1
3894 4872 1
3894 4970 1
3894 5150 1
3894 5173 1
3894 5234 1
3897 4936 1
3898 3963 1
3898 4074 1
3898 4133 1
3898 4676 1
3898 4696 1
3898 4798 1
3898 4822 1
3898 4869 1
3898 5218 1
3898 5305 1
3900 4415 1
3909 3951 1
3909 3983 1
3909 4077 1
3909 4488 1
3909 4757 1
3909 4852 1
3909 5191 1
3909 5200 1
3914 4160 1
3921 4262 1
3927 3983 1
3927 4077 1
3927 4488 1
3927 5191 1
3927 5200 1
3929 4304 1
3929 4548 1
3929 4848 1
3937 4974 1
3937 4984 1
3941 4259 1
3945 5282 1
3949 4802 1
3951 4018 1
3951 4077 1
3951 4140 1
3951 4165 1
3951 4488 1
3951 4555 1
3951 4658 1
3951 4693 1
3951 4809 1
3951 4970 1
3951 5150 1
3951 5234 1
3963 4676 1
3963 4706 1
3963 4798 1
3963 4822 1
3963 4854 1
3963 5290 1
3963 5305 1
3971 4622 1
3971 4752 1
3971 4796 1
3977 4304 1
3977 4848 1
3977 4913 1
3977 5227 1
3980 4200 1
3983 4018 1
3983 4054 1
3983 4165 1
3983 4271 1
3983 4555 1
3983 4693 1
3983 4761 1
3983 4809 1
3983 4872 1
3983 4970 1
3983 5150 1
3983 5173 1
3983 5234 1
3992 4304 1
3992 4734 1
3992 4776 1
3992 4848 1
3996 4298 1
3996 5074 1
4015 4315 1
4015 4402 1
4015 4706 1
4015 5270 1
4015 5290 1
4018 4077 1
4018 4306 1
4018 4488 1
4018 4757 1
4018 4852 1
4018 5191 1
4018 5200 1
4027 4062 1
4027 5250 1
4028 4318 1
4028 4352 1
4028 4653 1
4028 4664 1
4028 5148 1
4028 5149 1
4028 5279 1
4029 4204 1
4029 4596 1
4029 4867 1
4032 4644 1
4032 4696 1
4032 5212 1
4040 4633 1
4040 4642 1
4040 4696 1
4040 5135 1
4053 5057 1
4054 4077 1
4054 4488 1
4054 5191 1
4054 5200 1
4057 4119 1
4062 4957 1
4062 5129 1
4062 5227 1
4062 5337 1
4073 4622 1
4074 4113 1
4074 4127 1
4074 4293 1
4074 4315 1
4074 4642 1
4074 4676 1
4074 4706 1
4074 4798 1
4074 4806 1
4074 4822 1
4074 4854 1
4074 5212 1
4074 5290 1
4074 5305 1
4077 4165 1
4077 4555 1
4077 4693 1
4077 4757 1
4077 4761 1
4077 4809 1
4077 4852 1
4077 4872 1
4077 4970 1
4077 5150 1
4077 5173 1
4077 5234 1
4081 4123 1
4093 4630 1
4096 4737 1
4104 4207 1
4113 4127 1
4127 4779 1
4133 4676 1
4133 4798 1
4133 4822 1
4133 4854 1
4133 5305 1
4138 4802 1
4140 4852 1
4143 4300 1
4143 4318 1
4143 4352 1
4143 4653 1
4143 4664 1
4143 5148 1
4143 5149 1
4143 5279 1
4158 5337 1
4160 4298 1
4160 4456 1
4160 4590 1
4160 4749 1
4160 4791 1
4160 5119 1
4165 4488 1
4165 4757 1
4165 4852 1
4165 5191 1
4165 5200 1
4176 4671 1
4176 4994 1
4188 4286 1
4188 4907 1
4188 5207 1
4188 5316 1
4197 4473 1
4200 4905 1
4200 5318 1
4204 4596 1
4204 4867 1
4207 4894 1
4207 5300 1
4218 5337 1
4230 4519 1
4232 4487 1
4232 4736 1
4240 4945 1
4261 4656 1
4261 5009 1
4271 5100 1
4271 5191 1
4286 4306 1
4286 5249 1
4288 4633 1
4288 5276 1
4298 4734 1
4298 4776 1
4298 4842 1
4298 5074 1
4298 5085 1
4300 4446 1
4303 4519 1
4304 4415 1
4304 4913 1
4304 4945 1
4304 5227 1
4306 4907 1
4306 5207 1
4306 5316 1
4315 4644 1
4315 4798 1
4315 4943 1
4315 4951 1
4315 5161 1
4318 4401 1
4318 4446 1
4318 4977 1
4325 4696 1
4330 4885 1
4342 4752 1
4342 4796 1
4345 4752 1
4345 4796 1
4352 4401 1
4352 4446 1
4352 4977 1
4372 4749 1
4375 4840 1
4375 4931 1
4400 4936 1
4401 4653 1
4401 4664 1
4401 5148 1
4401 5149 1
4401 5279 1
4415 4650 1
4415 4848 1
4446 4653 1
4446 4664 1
4446 5148 1
4446 5149 1
4446 5279 1
4453 5337 1
4456 4671 1
4456 4994 1
4462 4548 1
4473 4638 1
4488 4555 1
4488 4693 1
4488 4757 1
4488 4761 1
4488 4809 1
4488 4852 1
4488 4872 1
4488 4970 1
4488 5150 1
4488 5173 1
4488 5234 1
4494 4696 1
4522 4562 1
4552 4871 1
4554 4752 1
4554 4796 1
4555 4757 1
4555 4852 1
4555 4872 1
4555 5191 1
4555 5200 1
4560 4603 1
4562 4861 1
4574 4940 1
4596 4867 1
4616 4745 1
4616 4840 1
4616 4931 1
4616 4936 1
4621 5294 1
4622 4671 1
4622 4752 1
4622 4796 1
4642 4644 1
4642 4951 1
4642 5161 1
4642 5208 1
4642 5301 1
4644 4696 1
4644 5212 1
4647 5073 1
4653 4977 1
4656 4757 1
4656 4887 1
4656 5009 1
4656 5270 1
4656 5328 1
4658 4757 1
4658 4852 1
4664 4977 1
4669 4936 1
4671 4752 1
4671 4796 1
4676 4798 1
4676 4869 1
4676 5218 1
4693 4757 1
4693 4852 1
4693 5191 1
4693 5200 1
4696 4805 1
4696 4854 1
4696 4924 1
4696 4951 1
4696 5089 1
4706 4943 1
4706 5161 1
4734 4791 1
4734 5074 1
4745 4931 1
4749 4936 1
4752 4994 1
4757 4809 1
4757 4947 1
4757 4970 1
4757 5150 1
4757 5234 1
4761 4881 1
4761 5191 1
4761 5200 1
4776 4791 1
4776 5074 1
4791 5074 1
4796 4994 1
4798 4822 1
4798 4869 1
4798 5218 1
4798 5305 1
4802 4891 1
4802 4968 1
4805 5132 1
4809 4852 1
4809 5191 1
4809 5200 1
4822 4855 1
4822 4869 1
4822 5218 1
4842 5074 1
4848 4913 1
4848 5227 1
4852 4970 1
4852 5150 1
4852 5234 1
4854 4869 1
4854 5218 1
4855 4951 1
4869 5305 1
4871 5274 1
4872 5191 1
4872 5200 1
4872 5234 1
4873 5294 1
4876 5117 1
4876 5308 1
4887 5009 1
4907 5249 1
4924 5135 1
4936 5135 1
4943 5270 1
4943 5290 1
4951 5212 1
4954 5337 1
4970 5191 1
4970 5200 1
4974 4984 1
4974 5271 1
4977 5148 1
4977 5149 1
4977 5279 1
4984 5271 1
4999 5289 1
5008 5294 1
5009 5328 1
5074 5085 1
5074 5143 1
5089 5132 1
5094 5294 1
5095 5337 1
5100 5173 1
5150 5191 1
5150 5200 1
5161 5270 1
5161 5290 1
5173 5191 1
5173 5200 1
5191 5234 1
5200 5234 1
5207 5249 1
5208 5212 1
5212 5301 1
5218 5305 1
5249 5316 1
